2017-01-25,334,335,331,334,773000,334
2017-01-24,328,330,326,329,647000,329
2017-01-23,330,332,328,329,655000,329
2017-01-20,330,335,330,335,737000,335
2017-01-19,333,335,331,332,790000,332
2017-01-18,329,333,327,332,741000,332
2017-01-17,338,338,330,333,971000,333
2017-01-16,342,344,338,339,698000,339
2017-01-13,343,345,341,341,660000,341
2017-01-12,348,348,342,344,748000,344
2017-01-11,344,351,342,350,909000,350
2017-01-10,345,346,340,344,789000,344
2017-01-06,343,348,343,347,653000,347
2017-01-05,350,350,346,348,696000,348
2017-01-04,343,349,343,348,741000,348
2016-12-30,339,344,338,343,617000,343
2016-12-29,346,347,340,341,788000,341
2016-12-28,338,349,338,348,794000,348
2016-12-27,341,342,337,338,1395000,338
2016-12-26,344,344,341,343,659000,343
2016-12-22,349,350,344,344,918000,344
2016-12-21,360,360,350,352,914000,352
2016-12-20,352,358,351,357,933000,357
2016-12-19,352,353,348,349,684000,349
2016-12-16,354,358,353,353,829000,353
2016-12-15,362,362,354,354,1127000,354
2016-12-14,366,367,358,360,1173000,360
2016-12-13,361,367,360,365,864000,365
2016-12-12,372,372,360,365,1277000,365
2016-12-09,373,375,367,369,1615000,369
2016-12-08,362,374,359,373,3683000,373
2016-12-07,345,358,344,356,2541000,356
2016-12-06,341,345,341,342,703000,342
2016-12-05,342,345,341,342,722000,342
2016-12-02,350,352,347,348,832000,348
2016-12-01,354,355,350,351,1598000,351
2016-11-30,347,352,345,351,1383000,351
2016-11-29,350,351,346,347,587000,347
2016-11-28,340,351,340,350,1149000,350
2016-11-25,352,352,342,344,1320000,344
2016-11-24,354,354,350,351,826000,351
2016-11-22,351,352,346,351,1189000,351
2016-11-21,349,353,348,353,2038000,353
2016-11-18,341,348,341,348,2443000,348
2016-11-17,332,337,331,337,920000,337
2016-11-16,333,334,331,333,877000,333
2016-11-15,333,333,328,332,631000,332
2016-11-14,326,333,325,332,828000,332
2016-11-11,334,334,327,331,1215000,331
2016-11-10,325,328,317,326,1392000,326
2016-11-09,328,331,299,306,2476000,306
2016-11-08,333,334,326,326,932000,326
2016-11-07,325,332,325,330,1041000,330
2016-11-04,323,326,319,320,1272000,320
2016-11-02,334,335,328,328,1395000,328
2016-11-01,342,343,337,340,771000,340
2016-10-31,348,350,340,342,2025000,342
2016-10-28,343,345,339,343,1439000,343
2016-10-27,342,346,336,343,2088000,343
2016-10-26,333,344,331,343,4306000,343
2016-10-25,324,326,323,324,676000,324
2016-10-24,320,324,319,323,696000,323
2016-10-21,324,324,318,319,982000,319
2016-10-20,324,326,322,323,970000,323
2016-10-19,316,327,315,326,1418000,326
2016-10-18,315,317,313,316,580000,316
2016-10-17,317,318,313,315,678000,315
2016-10-14,315,318,314,316,673000,316
2016-10-13,320,320,315,317,437000,317
2016-10-12,317,322,317,319,632000,319
2016-10-11,320,324,317,321,904000,321
2016-10-07,317,319,314,316,628000,316
2016-10-06,322,323,317,317,760000,317
2016-10-05,318,321,316,320,613000,320
2016-10-04,312,319,311,318,988000,318
2016-10-03,314,314,309,310,906000,310
2016-09-30,313,316,311,311,759000,311
2016-09-29,323,323,316,318,862000,318
2016-09-28,321,323,319,322,328000,322
2016-09-27,316,323,315,323,540000,323
2016-09-26,328,328,320,322,711000,322
2016-09-23,324,327,319,326,671000,326
2016-09-21,313,322,310,321,673000,321
2016-09-20,312,317,309,312,586000,312
2016-09-16,314,319,311,314,698000,314
2016-09-15,319,319,313,314,867000,314
2016-09-14,325,327,322,323,671000,323
2016-09-13,330,331,327,328,636000,328
2016-09-12,329,334,327,327,976000,327
2016-09-09,337,341,335,336,1199000,336
2016-09-08,349,349,335,337,1374000,337
2016-09-07,347,352,342,345,2559000,345
2016-09-06,331,353,329,352,4349000,352
2016-09-05,328,334,328,331,1219000,331
2016-09-02,327,332,325,328,815000,328
2016-09-01,329,329,326,327,1196000,327
2016-08-31,329,332,324,329,1348000,329
2016-08-30,331,332,328,332,718000,332
2016-08-29,336,339,331,332,995000,332
2016-08-26,336,336,327,328,1228000,328
2016-08-25,340,341,336,338,717000,338
2016-08-24,345,345,338,340,840000,340
2016-08-23,344,350,339,341,1475000,341
2016-08-22,340,346,340,345,899000,345
2016-08-19,340,343,336,339,1138000,339
2016-08-18,343,349,340,341,1415000,341
2016-08-17,346,349,344,347,1287000,347
2016-08-16,357,358,345,346,2098000,346
2016-08-15,364,364,359,360,574000,360
2016-08-12,363,367,358,363,1538000,363
2016-08-10,359,362,353,360,1996000,360
2016-08-09,356,365,353,364,1625000,364
2016-08-08,357,361,346,355,2422000,355
2016-08-05,365,370,355,357,1993000,357
2016-08-04,368,373,359,366,2587000,366
2016-08-03,371,373,363,365,3188000,365
2016-08-02,383,384,373,378,2645000,378
2016-08-01,385,393,378,382,7126000,382
2016-07-29,372,383,362,382,5556000,382
2016-07-28,369,373,365,370,2425000,370
2016-07-27,368,376,363,371,3899000,371
2016-07-26,371,378,354,362,5087000,362
2016-07-25,380,388,369,375,6000000,375
2016-07-22,371,381,368,381,8152000,381
2016-07-21,370,383,365,375,13206000,375
2016-07-20,328,345,326,344,5015000,344
2016-07-19,323,332,321,331,2942000,331
2016-07-15,320,321,313,315,1321000,315
2016-07-14,310,322,309,319,1778000,319
2016-07-13,329,329,311,313,3153000,313
2016-07-12,319,334,310,316,8464000,316
2016-07-11,286,310,285,305,2150000,305
2016-07-08,280,281,274,275,737000,275
2016-07-07,283,285,278,279,479000,279
2016-07-06,288,289,280,285,655000,285
2016-07-05,293,295,291,293,351000,293
2016-07-04,293,297,293,294,499000,294
2016-07-01,298,298,290,293,515000,293
2016-06-30,298,299,293,293,609000,293
2016-06-29,291,294,288,293,837000,293
2016-06-28,278,289,276,286,1024000,286
2016-06-27,269,284,268,282,1018000,282
2016-06-24,294,294,258,266,1474000,266
2016-06-23,281,286,281,286,470000,286
2016-06-22,286,288,281,284,629000,284
2016-06-21,281,289,279,289,732000,289
2016-06-20,280,285,279,280,827000,280
2016-06-17,280,283,276,277,602000,277
2016-06-16,287,289,275,276,733000,276
2016-06-15,283,292,282,286,786000,286
2016-06-14,287,291,278,285,1061000,285
2016-06-13,301,301,286,288,1254000,288
2016-06-10,305,306,302,305,476000,305
2016-06-09,303,306,302,305,346000,305
2016-06-08,304,306,303,306,763000,306
2016-06-07,306,309,303,304,550000,304
2016-06-06,301,309,301,305,659000,305
2016-06-03,302,309,302,308,630000,308
2016-06-02,309,309,300,302,1144000,302
2016-06-01,316,317,311,311,1087000,311
2016-05-31,320,320,316,318,924000,318
2016-05-30,321,326,316,319,2551000,319
2016-05-27,315,318,310,315,1663000,315
2016-05-26,304,321,304,314,3561000,314
2016-05-25,302,304,300,302,849000,302
2016-05-24,295,301,295,298,1202000,298
2016-05-23,296,298,292,297,988000,297
2016-05-20,292,295,289,293,531000,293
2016-05-19,293,294,289,292,563000,292
2016-05-18,292,297,289,292,1202000,292
2016-05-17,289,293,287,292,1180000,292
2016-05-16,293,293,285,289,2866000,289
2016-05-13,276,276,268,268,623000,268
2016-05-12,275,279,273,278,412000,278
2016-05-11,280,280,273,276,429000,276
2016-05-10,275,278,272,277,380000,277
2016-05-09,263,273,263,271,303000,271
2016-05-06,267,271,263,264,562000,264
2016-05-02,261,269,261,266,476000,266
2016-04-28,282,286,272,275,873000,275
2016-04-27,281,284,277,281,510000,281
2016-04-26,280,284,272,277,704000,277
2016-04-25,286,287,281,283,517000,283
2016-04-22,281,286,278,286,1026000,286
2016-04-21,289,290,284,287,780000,287
2016-04-20,291,293,283,286,838000,286
2016-04-19,293,293,287,292,1398000,292
2016-04-18,286,292,282,290,1694000,290
2016-04-15,285,289,280,282,883000,282
2016-04-14,279,284,277,282,1220000,282
2016-04-13,270,275,270,274,709000,274
2016-04-12,266,273,266,269,839000,269
2016-04-11,262,266,258,266,495000,266
2016-04-08,255,264,249,260,883000,260
2016-04-07,252,260,251,257,523000,257
2016-04-06,246,256,245,254,587000,254
2016-04-05,258,260,249,250,1126000,250
2016-04-04,257,261,254,257,705000,257
2016-04-01,270,271,256,260,1378000,260
2016-03-31,275,277,271,271,936000,271
2016-03-30,275,278,270,275,2434000,275
2016-03-29,281,296,281,295,607000,295
2016-03-28,286,290,282,285,562000,285
2016-03-25,296,296,283,287,1141000,287
2016-03-24,292,295,290,290,859000,290
2016-03-23,289,295,289,293,878000,293
2016-03-22,290,291,284,290,924000,290
2016-03-18,285,289,283,287,533000,287
2016-03-17,283,289,283,285,651000,285
2016-03-16,280,284,279,282,393000,282
2016-03-15,283,288,280,282,599000,282
2016-03-14,278,285,278,283,830000,283
2016-03-11,264,274,264,273,786000,273
2016-03-10,268,270,265,267,442000,267
2016-03-09,260,268,257,267,700000,267
2016-03-08,265,271,259,263,854000,263
2016-03-07,271,273,267,268,580000,268
2016-03-04,262,270,260,270,933000,270
2016-03-03,258,263,253,263,868000,263
2016-03-02,261,262,255,256,737000,256
2016-03-01,253,258,249,253,747000,253
2016-02-29,261,263,254,254,1077000,254
2016-02-26,265,266,259,261,1122000,261
2016-02-25,260,264,256,264,1580000,264
2016-02-24,251,258,249,253,933000,253
2016-02-23,261,261,253,254,995000,254
2016-02-22,256,261,253,257,1150000,257
2016-02-19,258,260,253,258,1817000,258
2016-02-18,257,267,251,259,6297000,259
2016-02-17,231,242,222,235,2658000,235
2016-02-16,228,239,227,230,1433000,230
2016-02-15,227,235,225,233,2105000,233
2016-02-12,218,238,214,214,2785000,214
2016-02-10,273,284,253,262,1524000,262
2016-02-09,271,277,270,271,1049000,271
2016-02-08,268,290,266,287,1092000,287
2016-02-05,278,283,269,273,1230000,273
2016-02-04,283,293,282,284,809000,284
2016-02-03,282,285,278,285,1008000,285
2016-02-02,295,297,287,291,1234000,291
2016-02-01,294,297,292,296,1316000,296
2016-01-29,272,288,269,288,1624000,288
2016-01-28,269,277,267,274,876000,274
2016-01-27,259,271,259,270,1653000,270
2016-01-26,253,258,251,253,666000,253
2016-01-25,257,259,249,259,809000,259
2016-01-22,247,255,243,255,1229000,255
2016-01-21,245,259,239,240,1550000,240
2016-01-20,266,267,249,250,1098000,250
2016-01-19,262,269,261,265,725000,265
2016-01-18,257,266,255,263,1134000,263
2016-01-15,280,283,268,270,978000,270
2016-01-14,273,280,268,275,1075000,275
2016-01-13,276,283,276,282,655000,282
2016-01-12,280,281,269,270,1252000,270
2016-01-08,283,291,283,284,813000,284
2016-01-07,291,295,287,288,680000,288
2016-01-06,296,302,291,294,786000,294
2016-01-05,293,299,292,295,946000,295
2016-01-04,297,304,292,294,1059000,294
2015-12-30,303,308,300,301,799000,301
2015-12-29,298,302,290,300,1255000,300
2015-12-28,286,297,286,295,934000,295
2015-12-25,292,295,281,282,1907000,282
2015-12-24,288,303,288,294,4038000,294
2015-12-22,285,286,278,280,1832000,280
2015-12-21,285,286,283,284,1328000,284
2015-12-18,293,294,290,290,1156000,290
2015-12-17,297,298,293,293,1051000,293
2015-12-16,296,297,293,294,681000,294
2015-12-15,297,300,292,292,1262000,292
2015-12-14,299,300,296,298,997000,298
2015-12-11,299,305,299,300,1759000,300
2015-12-10,299,304,299,301,972000,301
2015-12-09,301,303,301,302,812000,302
2015-12-08,306,308,303,304,974000,304
2015-12-07,314,314,309,309,1017000,309
2015-12-04,311,314,310,311,945000,311
2015-12-03,319,322,315,316,1171000,316
2015-12-02,319,324,316,319,1278000,319
2015-12-01,310,318,310,318,963000,318
2015-11-30,314,316,313,315,640000,315
2015-11-27,320,322,317,317,827000,317
2015-11-26,320,324,320,321,1026000,321
2015-11-25,328,328,322,323,625000,323
2015-11-24,329,331,326,328,988000,328
2015-11-20,322,327,322,326,461000,326
2015-11-19,326,326,321,324,993000,324
2015-11-18,328,330,322,322,883000,322
2015-11-17,332,333,329,330,769000,330
2015-11-16,334,335,329,329,1198000,329
2015-11-13,338,342,336,341,984000,341
2015-11-12,344,344,338,343,936000,343
2015-11-11,338,343,336,342,1596000,342
2015-11-10,334,338,330,338,1258000,338
2015-11-09,330,332,325,331,686000,331
2015-11-06,320,327,318,325,865000,325
2015-11-05,316,324,315,320,799000,320
2015-11-04,336,338,316,317,1370000,317
2015-11-02,336,339,333,333,842000,333
2015-10-30,339,344,337,339,1908000,339
2015-10-29,334,343,331,340,5284000,340
2015-10-28,321,323,319,320,460000,320
2015-10-27,326,327,320,321,704000,321
2015-10-26,328,331,328,329,524000,329
2015-10-23,331,331,325,328,713000,328
2015-10-22,326,331,322,323,461000,323
2015-10-21,323,329,321,328,644000,328
2015-10-20,334,334,323,324,853000,324
2015-10-19,332,334,326,334,869000,334
2015-10-16,335,338,327,328,833000,328
2015-10-15,319,338,319,335,977000,335
2015-10-14,338,340,326,326,1624000,326
2015-10-13,332,338,329,337,2018000,337
2015-10-09,310,325,309,325,1617000,325
2015-10-08,305,311,305,307,626000,307
2015-10-07,304,307,301,306,620000,306
2015-10-06,309,311,303,303,667000,303
2015-10-05,301,307,300,306,541000,306
2015-10-02,300,305,297,299,728000,299
2015-10-01,300,304,298,302,600000,302
2015-09-30,299,304,297,303,645000,303
2015-09-29,302,304,295,296,986000,296
2015-09-28,302,309,300,308,548000,308
2015-09-25,300,303,296,301,1370000,301
2015-09-24,303,306,300,300,892000,300
2015-09-18,313,315,308,310,860000,310
2015-09-17,314,319,311,318,870000,318
2015-09-16,315,315,311,314,522000,314
2015-09-15,315,320,311,311,578000,311
2015-09-14,322,323,315,318,581000,318
2015-09-11,320,328,319,320,1075000,320
2015-09-10,313,330,313,328,795000,328
2015-09-09,322,322,312,322,862000,322
2015-09-08,317,321,306,308,1109000,308
2015-09-07,322,324,312,317,1331000,317
2015-09-04,331,332,320,328,1165000,328
2015-09-03,336,341,328,328,1201000,328
2015-09-02,323,339,322,328,1831000,328
2015-09-01,341,351,335,335,2852000,335
2015-08-31,339,349,332,344,2299000,344
2015-08-28,336,344,334,339,2109000,339
2015-08-27,324,335,324,327,2707000,327
2015-08-26,321,326,311,318,2775000,318
2015-08-25,304,334,295,311,3696000,311
2015-08-24,350,362,326,327,3321000,327
2015-08-21,377,379,365,366,2263000,366
2015-08-20,383,390,382,385,1621000,385
2015-08-19,385,396,379,383,4800000,383
2015-08-18,368,388,367,386,4506000,386
2015-08-17,368,368,362,368,702000,368
2015-08-14,374,376,363,367,1369000,367
2015-08-13,370,375,367,372,1503000,372
2015-08-12,363,373,362,367,1509000,367
2015-08-11,370,370,364,368,1549000,368
2015-08-10,359,365,357,360,2382000,360
2015-08-07,370,377,363,377,2085000,377
2015-08-06,376,377,367,371,3457000,371
2015-08-05,336,373,336,368,4485000,368
2015-08-04,336,338,332,338,662000,338
2015-08-03,338,341,334,336,741000,336
2015-07-31,337,339,332,338,1468000,338
2015-07-30,343,346,340,340,606000,340
2015-07-29,347,347,341,342,618000,342
2015-07-28,336,349,336,347,843000,347
2015-07-27,348,348,340,342,720000,342
2015-07-24,351,353,348,349,536000,349
2015-07-23,355,356,349,352,551000,352
2015-07-22,355,358,354,355,489000,355
2015-07-21,356,359,354,354,479000,354
2015-07-17,355,359,354,356,532000,356
2015-07-16,357,358,354,356,627000,356
2015-07-15,358,362,355,357,877000,357
2015-07-14,357,360,354,358,945000,358
2015-07-13,350,355,349,353,679000,353
2015-07-10,348,352,346,347,1308000,347
2015-07-09,340,347,323,346,2312000,346
2015-07-08,368,369,353,356,1383000,356
2015-07-07,369,373,367,368,555000,368
2015-07-06,366,372,366,367,563000,367
2015-07-03,376,376,371,374,679000,374
2015-07-02,375,377,373,375,939000,375
2015-07-01,365,372,364,371,669000,371
2015-06-30,361,365,361,364,707000,364
2015-06-29,360,367,360,363,1310000,363
2015-06-26,378,379,372,375,1477000,375
2015-06-25,381,382,378,379,617000,379
2015-06-24,385,385,382,383,757000,383
2015-06-23,383,384,381,383,680000,383
2015-06-22,378,382,378,382,767000,382
2015-06-19,378,380,378,379,787000,379
2015-06-18,386,386,377,378,1443000,378
2015-06-17,391,391,386,388,1254000,388
2015-06-16,391,393,385,391,2304000,391
2015-06-15,397,398,392,395,1912000,395
2015-06-12,401,401,397,398,924000,398
2015-06-11,399,401,397,400,921000,400
2015-06-10,401,402,397,397,1298000,397
2015-06-09,405,412,400,401,3644000,401
2015-06-08,402,405,401,403,1165000,403
2015-06-05,400,402,399,401,681000,401
2015-06-04,403,404,401,403,934000,403
2015-06-03,402,405,399,400,1217000,400
2015-06-02,402,406,401,404,1322000,404
2015-06-01,397,404,396,403,2003000,403
2015-05-29,399,400,397,398,919000,398
2015-05-28,399,401,397,399,1080000,399
2015-05-27,400,402,398,399,693000,399
2015-05-26,400,403,400,402,793000,402
2015-05-25,405,406,400,400,1235000,400
2015-05-22,400,403,399,401,1120000,401
2015-05-21,400,403,398,399,956000,399
2015-05-20,403,404,400,402,663000,402
2015-05-19,401,403,399,403,955000,403
2015-05-18,401,402,398,400,1046000,400
2015-05-15,408,408,398,400,1536000,400
2015-05-14,404,411,402,407,1426000,407
2015-05-13,404,405,400,402,1121000,402
2015-05-12,400,404,400,403,589000,403
2015-05-11,405,406,400,400,646000,400
2015-05-08,397,401,396,401,700000,401
2015-05-07,398,399,396,396,785000,396
2015-05-01,400,403,398,400,1253000,400
2015-04-30,407,409,400,402,1072000,402
2015-04-28,412,412,406,407,870000,407
2015-04-27,417,417,411,414,1270000,414
2015-04-24,403,418,397,417,3352000,417
2015-04-23,409,410,406,409,1055000,409
2015-04-22,409,415,407,411,1270000,411
2015-04-21,408,410,402,407,931000,407
2015-04-20,408,412,405,407,1025000,407
2015-04-17,421,421,410,412,1310000,412
2015-04-16,419,421,416,421,1084000,421
2015-04-15,419,425,418,422,1933000,422
2015-04-14,409,420,407,420,1814000,420
2015-04-13,410,412,407,408,957000,408
2015-04-10,405,409,404,408,835000,408
2015-04-09,411,413,405,405,921000,405
2015-04-08,403,414,403,412,1751000,412
2015-04-07,398,402,397,402,1191000,402
2015-04-06,399,401,396,398,1311000,398
2015-04-03,404,408,401,403,961000,403
2015-04-02,404,408,403,405,867000,405
2015-04-01,407,411,404,406,1520000,406
2015-03-31,404,417,404,414,2063000,414
2015-03-30,407,408,400,404,2065000,404
2015-03-27,419,421,410,413,2137000,413
2015-03-26,424,424,420,421,1020000,421
2015-03-25,431,432,424,424,1523000,424
2015-03-24,422,433,419,431,2398000,431
2015-03-23,427,427,422,423,1012000,423
2015-03-20,424,427,423,425,825000,425
2015-03-19,426,427,423,425,1019000,425
2015-03-18,429,433,426,427,1697000,427
2015-03-17,429,430,428,428,1210000,428
2015-03-16,430,432,428,430,1015000,430
2015-03-13,436,437,429,430,1844000,430
2015-03-12,439,441,433,434,1372000,434
2015-03-11,427,442,427,438,2343000,438
2015-03-10,432,434,428,430,1392000,430
2015-03-09,434,438,431,433,1312000,433
2015-03-06,440,440,435,437,1167000,437
2015-03-05,437,442,435,437,841000,437
2015-03-04,438,439,435,438,1683000,438
2015-03-03,443,449,442,443,1573000,443
2015-03-02,447,451,443,444,1936000,444
2015-02-27,455,458,449,453,2363000,453
2015-02-26,462,463,457,458,1973000,458
2015-02-25,458,467,458,463,2986000,463
2015-02-24,457,462,454,459,1880000,459
2015-02-23,465,465,457,459,1699000,459
2015-02-20,448,461,447,460,4164000,460
2015-02-19,449,451,445,450,1481000,450
2015-02-18,454,455,448,449,1373000,449
2015-02-17,443,454,441,452,1715000,452
2015-02-16,452,453,442,444,1824000,444
2015-02-13,442,452,441,448,2510000,448
2015-02-12,437,443,433,441,2010000,441
2015-02-10,434,434,428,429,1088000,429
2015-02-09,429,438,427,432,1444000,432
2015-02-06,433,434,424,426,1419000,426
2015-02-05,432,437,428,429,1221000,429
2015-02-04,433,434,428,434,1767000,434
2015-02-03,441,442,426,430,3109000,430
2015-02-02,446,448,438,441,2386000,441
2015-01-30,449,452,446,447,1271000,447
2015-01-29,453,454,447,448,1738000,448
2015-01-28,450,457,450,455,1261000,455
2015-01-27,450,453,448,453,1171000,453
2015-01-26,449,455,448,450,842000,450
2015-01-23,454,454,447,451,1619000,451
2015-01-22,459,460,449,452,1724000,452
2015-01-21,456,464,453,460,1397000,460
2015-01-20,454,458,454,458,1200000,458
2015-01-19,464,464,450,455,2503000,455
2015-01-16,458,460,450,456,2759000,456
2015-01-15,452,462,452,462,2155000,462
2015-01-14,449,456,448,452,3058000,452
2015-01-13,452,453,449,452,1870000,452
2015-01-09,465,466,454,455,3279000,455
2015-01-08,463,465,458,463,1772000,463
2015-01-07,460,463,456,459,2255000,459
2015-01-06,461,466,457,460,3204000,460
2015-01-05,464,469,462,468,2121000,468
2014-12-30,476,476,462,463,3546000,463
2014-12-29,475,484,461,471,6505000,471
2014-12-26,456,473,456,471,3797000,471
2014-12-25,453,460,453,455,3008000,455
2014-12-24,464,464,455,457,3085000,457
2014-12-22,466,468,456,465,3298000,465
2014-12-19,473,476,465,468,2925000,468
2014-12-18,466,470,461,466,2606000,466
2014-12-17,463,468,459,459,2567000,459
2014-12-16,468,472,460,461,1921000,461
2014-12-15,476,486,471,471,3522000,471
2014-12-12,462,481,462,478,4663000,478
2014-12-11,457,467,455,465,2578000,465
2014-12-10,451,464,451,460,2410000,460
2014-12-09,461,465,452,455,2653000,455
2014-12-08,466,468,461,462,2078000,462
2014-12-05,466,468,464,465,1923000,465
2014-12-04,479,481,469,470,2433000,470
2014-12-03,490,490,473,477,4579000,477
2014-12-02,475,491,472,486,6351000,486
2014-12-01,479,482,472,478,3104000,478
2014-11-28,464,483,459,481,9612000,481
2014-11-27,457,465,455,456,2253000,456
2014-11-26,457,460,453,456,1310000,456
2014-11-25,465,466,454,457,2287000,457
2014-11-21,461,466,458,463,2429000,463
2014-11-20,468,471,457,460,2757000,460
2014-11-19,457,476,457,467,4858000,467
2014-11-18,449,458,447,458,3743000,458
2014-11-17,458,458,445,445,4221000,445
2014-11-14,457,462,452,458,4021000,458
2014-11-13,453,466,451,454,5418000,454
2014-11-12,472,472,453,460,6632000,460
2014-11-11,469,471,464,470,3197000,470
2014-11-10,474,475,468,470,2991000,470
2014-11-07,482,482,473,476,3990000,476
2014-11-06,477,490,474,477,8791000,477
2014-11-05,481,483,473,477,4086000,477
2014-11-04,483,486,475,481,6633000,481
2014-10-31,473,481,465,478,6134000,478
2014-10-30,480,482,469,470,4979000,470
2014-10-29,483,485,479,481,3697000,481
2014-10-28,486,489,480,481,4477000,481
2014-10-27,484,490,478,488,4627000,488
2014-10-24,497,497,482,484,6445000,484
2014-10-23,487,497,485,491,8534000,491
2014-10-22,487,492,484,490,8448000,490
2014-10-21,480,493,476,479,11431000,479
2014-10-20,475,481,469,479,7342000,479
2014-10-17,458,475,456,459,11269000,459
2014-10-16,451,464,450,453,6923000,453
2014-10-15,457,464,452,462,5866000,462
2014-10-14,454,461,450,451,8154000,451
2014-10-10,453,468,445,465,10634000,465
2014-10-09,489,490,461,461,10884000,461
2014-10-08,482,487,481,485,5534000,485
2014-10-07,501,501,488,490,6622000,490
2014-10-06,503,507,496,501,7155000,501
2014-10-03,487,500,482,499,9655000,499
2014-10-02,483,493,481,484,10556000,484
2014-10-01,509,510,495,497,11488000,497
2014-09-30,516,523,496,509,15649000,509
2014-09-29,514,525,509,516,19633000,516
2014-09-26,504,516,503,511,16678000,511
2014-09-25,509,512,499,504,9963000,504
2014-09-24,494,516,492,506,29687000,506
2014-09-22,486,497,481,497,7907000,497
2014-09-19,484,491,481,486,6896000,486
2014-09-18,498,503,482,483,13219000,483
2014-09-17,488,498,485,495,12150000,495
2014-09-16,488,493,481,486,8904000,486
2014-09-12,479,489,479,487,10457000,487
2014-09-11,492,493,479,480,9301000,480
2014-09-10,492,495,478,490,18019000,490
2014-09-09,507,511,496,499,15630000,499
2014-09-08,492,513,485,512,23381000,512
2014-09-05,509,510,487,493,21199000,493
2014-09-04,519,524,505,505,19175000,505
2014-09-03,518,530,510,516,32323000,516
2014-09-02,532,534,510,518,34954000,518
2014-09-01,496,528,493,528,51392000,528
2014-08-29,504,509,490,494,23737000,494
2014-08-28,501,512,498,503,37008000,503
2014-08-27,495,513,494,501,62415000,501
2014-08-26,480,512,472,501,82779000,501
2014-08-25,465,485,464,481,31557000,481
2014-08-22,471,476,460,464,26675000,464
2014-08-21,476,487,461,479,62571000,479
2014-08-20,489,507,470,470,131345000,470
2014-08-19,463,475,456,466,62906000,466
2014-08-18,427,474,419,470,106661000,470
2014-08-15,428,434,415,419,30290000,419
2014-08-14,409,430,401,430,40557000,430
2014-08-13,396,401,385,401,5877000,401
2014-08-12,395,410,393,395,13158000,395
2014-08-11,398,400,391,394,7713000,394
2014-08-08,385,406,381,393,21323000,393
2014-08-07,375,384,371,383,6189000,383
2014-08-06,385,389,369,372,11444000,372
2014-08-05,391,397,381,381,6553000,381
2014-08-04,387,393,382,387,4044000,387
2014-08-01,380,394,380,387,6944000,387
2014-07-31,396,398,383,386,6085000,386
2014-07-30,401,401,387,390,8976000,390
2014-07-29,411,411,397,402,9500000,402
2014-07-28,405,418,403,408,11199000,408
2014-07-25,404,415,398,405,12885000,405
2014-07-24,397,423,396,401,25103000,401
2014-07-23,420,423,396,399,32862000,399
2014-07-22,417,454,407,412,277683000,412
2014-07-18,408,409,385,401,198635000,401
2014-07-17,332,404,332,404,284072000,404
2014-07-16,321,327,319,324,6554000,324
2014-07-15,329,330,319,321,16638000,321
2014-07-14,315,320,310,316,5318000,316
2014-07-11,309,317,309,315,2922000,315
2014-07-10,314,315,310,311,2393000,311
2014-07-09,316,321,313,316,2721000,316
2014-07-08,308,322,308,321,4976000,321
2014-07-07,310,312,307,308,2205000,308
2014-07-04,317,317,311,312,1665000,312
2014-07-03,318,319,312,314,2895000,314
2014-07-02,325,325,318,319,3031000,319
2014-07-01,323,324,316,320,4977000,320
2014-06-30,325,329,321,324,6676000,324
2014-06-27,316,330,311,327,17603000,327
2014-06-26,309,312,307,309,1853000,309
2014-06-25,310,315,309,310,2491000,310
2014-06-24,308,312,306,312,1639000,312
2014-06-23,315,315,309,311,1417000,311
2014-06-20,308,314,306,311,3002000,311
2014-06-19,304,310,303,309,1986000,309
2014-06-18,304,305,300,303,1459000,303
2014-06-17,306,307,303,303,874000,303
2014-06-16,312,312,305,307,1521000,307
2014-06-13,304,309,304,308,1256000,308
2014-06-12,303,307,302,306,1110000,306
2014-06-11,300,307,300,305,1772000,305
2014-06-10,312,312,300,303,3240000,303
2014-06-09,317,320,311,313,4991000,313
2014-06-06,310,317,307,315,4520000,315
2014-06-05,312,313,306,309,3467000,309
2014-06-04,302,314,297,313,7027000,313
2014-06-03,305,305,298,301,2233000,301
2014-06-02,298,304,298,302,4869000,302
2014-05-30,294,296,288,290,1642000,290
2014-05-29,294,300,292,294,2433000,294
2014-05-28,279,296,279,294,4223000,294
2014-05-27,278,279,276,276,1178000,276
2014-05-26,276,279,276,278,640000,278
2014-05-23,278,278,275,276,863000,276
2014-05-22,273,276,270,276,1197000,276
2014-05-21,267,270,265,270,924000,270
2014-05-20,267,271,267,268,1633000,268
2014-05-19,274,276,268,268,2358000,268
2014-05-16,276,280,272,275,1779000,275
2014-05-15,275,285,273,281,2540000,281
2014-05-14,272,277,271,271,1191000,271
2014-05-13,275,276,271,273,1155000,273
2014-05-12,281,281,271,271,1778000,271
2014-05-09,280,285,278,280,1378000,280
2014-05-08,288,289,282,283,1398000,283
2014-05-07,292,294,287,287,1497000,287
2014-05-02,293,298,290,297,1130000,297
2014-05-01,297,298,287,295,2081000,295
2014-04-30,297,302,295,298,1844000,298
2014-04-28,304,305,296,297,3072000,297
2014-04-25,303,308,300,305,3182000,305
2014-04-24,295,306,290,305,7035000,305
2014-04-23,289,291,286,290,1651000,290
2014-04-22,294,296,285,286,2123000,286
2014-04-21,298,301,294,295,6459000,295
2014-04-18,294,299,293,297,3219000,297
2014-04-17,289,296,287,294,3927000,294
2014-04-16,278,291,276,289,3673000,289
2014-04-15,272,278,270,278,1650000,278
2014-04-14,264,270,263,267,954000,267
2014-04-11,265,269,262,266,1574000,266
2014-04-10,278,278,269,270,1391000,270
2014-04-09,271,272,267,270,1305000,270
2014-04-08,280,282,273,273,1887000,273
2014-04-07,288,289,282,283,1873000,283
2014-04-04,289,297,287,293,2598000,293
2014-04-03,290,293,287,290,2235000,290
2014-04-02,290,291,285,288,2398000,288
2014-04-01,279,291,276,289,3909000,289
2014-03-31,281,282,275,279,1272000,279
2014-03-28,268,280,267,278,1493000,278
2014-03-27,264,272,261,270,1820000,270
2014-03-26,271,274,262,264,1357000,264
2014-03-25,274,275,267,268,1262000,268
2014-03-24,264,277,264,276,2487000,276
2014-03-20,273,274,261,261,2644000,261
2014-03-19,281,283,271,274,1750000,274
2014-03-18,271,283,271,281,2407000,281
2014-03-17,271,276,267,267,2479000,267
2014-03-14,278,286,277,277,2554000,277
2014-03-13,285,289,281,285,2689000,285
2014-03-12,289,294,284,284,2465000,284
2014-03-11,304,305,290,293,4273000,293
2014-03-10,291,301,289,299,6185000,299
2014-03-07,295,297,284,291,8013000,291
2014-03-06,265,275,264,275,2209000,275
2014-03-05,265,269,265,266,1385000,266
2014-03-04,256,265,255,265,1614000,265
2014-03-03,262,262,257,259,1961000,259
2014-02-28,265,266,260,264,1697000,264
2014-02-27,271,271,265,265,1542000,265
2014-02-26,265,274,265,271,3760000,271
2014-02-25,269,270,264,267,1755000,267
2014-02-24,268,271,266,268,1906000,268
2014-02-21,270,272,267,271,912000,271
2014-02-20,270,273,267,269,1240000,269
2014-02-19,273,279,270,272,1078000,272
2014-02-18,270,277,266,275,1745000,275
2014-02-17,268,274,262,272,1961000,272
2014-02-14,276,278,265,269,2384000,269
2014-02-13,280,285,276,276,1617000,276
2014-02-12,289,291,279,280,1792000,280
2014-02-10,283,287,279,287,1726000,287
2014-02-07,276,280,273,279,2263000,279
2014-02-06,262,280,261,274,3140000,274
2014-02-05,269,272,257,262,4185000,262
2014-02-04,261,267,255,261,7252000,261
2014-02-03,279,283,273,275,3004000,275
2014-01-31,290,292,282,286,2076000,286
2014-01-30,288,289,284,289,1857000,289
2014-01-29,290,294,289,293,2070000,293
2014-01-28,294,296,286,286,3407000,286
2014-01-27,290,298,290,292,3700000,292
2014-01-24,300,304,298,302,3447000,302
2014-01-23,308,313,303,303,5078000,303
2014-01-22,304,305,301,303,2154000,303
2014-01-21,307,309,303,305,1911000,305
2014-01-20,309,314,307,307,3093000,307
2014-01-17,302,311,301,307,3975000,307
2014-01-16,308,308,301,303,2489000,303
2014-01-15,309,310,303,306,2098000,306
2014-01-14,302,312,300,304,3356000,304
2014-01-10,310,314,304,310,4205000,310
2014-01-09,314,315,309,310,2642000,310
2014-01-08,316,319,313,315,3648000,315
2014-01-07,324,335,308,312,14915000,312
2014-01-06,318,324,314,321,9985000,321
2013-12-30,308,332,307,323,31465000,323
2013-12-27,302,309,294,306,8755000,306
2013-12-26,299,307,297,305,9693000,305
2013-12-25,272,297,272,297,14122000,297
2013-12-24,278,279,271,273,3893000,273
2013-12-20,282,283,276,279,4158000,279
2013-12-19,288,290,280,283,3450000,283
2013-12-18,280,283,279,281,2182000,281
2013-12-17,282,287,279,281,3357000,281
2013-12-16,284,285,279,279,3284000,279
2013-12-13,291,292,285,287,3452000,287
2013-12-12,300,304,291,294,6287000,294
2013-12-11,280,307,279,301,16346000,301
2013-12-10,283,284,279,284,5003000,284
2013-12-09,295,297,284,286,6595000,286
2013-12-06,299,302,291,295,5001000,295
2013-12-05,300,307,300,300,3957000,300
2013-12-04,300,304,299,302,2474000,302
2013-12-03,308,308,303,304,2311000,304
2013-12-02,310,311,305,308,1924000,308
2013-11-29,305,311,304,309,4469000,309
2013-11-28,307,308,301,307,3187000,307
2013-11-27,311,314,303,305,5226000,305
2013-11-26,306,315,301,315,10583000,315
2013-11-25,306,307,295,298,7777000,298
2013-11-22,316,317,304,307,10397000,307
2013-11-21,324,326,307,313,15567000,313
2013-11-20,329,331,324,324,4647000,324
2013-11-19,325,334,324,329,11909000,329
2013-11-18,328,328,323,325,5728000,325
2013-11-15,326,330,322,324,6717000,324
2013-11-14,325,335,320,325,15294000,325
2013-11-13,322,326,316,319,6428000,319
2013-11-12,323,332,313,322,16136000,322
2013-11-11,350,362,320,323,58000000,323
2013-11-08,320,331,318,328,6914000,328
2013-11-07,330,340,321,322,17800000,322
2013-11-06,318,332,314,328,12832000,328
2013-11-05,324,326,314,317,7856000,317
2013-11-01,321,326,306,321,13932000,321
2013-10-31,332,340,316,320,16331000,320
2013-10-30,343,355,330,336,48203000,336
2013-10-29,336,344,330,336,23418000,336
2013-10-28,335,346,327,343,45083000,343
2013-10-25,330,333,322,325,20189000,325
2013-10-24,313,333,312,328,19414000,328
2013-10-23,322,336,315,317,28404000,317
2013-10-22,320,338,312,330,54373000,330
2013-10-21,318,324,309,317,18548000,317
2013-10-18,283,323,281,321,29646000,321
2013-10-17,290,292,282,283,4262000,283
2013-10-16,287,291,278,282,7740000,282
2013-10-15,304,309,292,292,15528000,292
2013-10-11,290,292,284,288,6514000,288
2013-10-10,282,295,279,283,14392000,283
2013-10-09,272,284,265,279,9308000,279
2013-10-08,263,286,263,278,17413000,278
2013-10-07,276,282,262,262,9386000,262
2013-10-04,296,300,272,273,14640000,273
2013-10-03,305,307,292,300,6467000,300
2013-10-02,317,321,303,309,6691000,309
2013-10-01,317,325,310,315,9762000,315
2013-09-30,308,329,306,312,11372000,312
2013-09-27,313,330,306,312,11530000,312
2013-09-26,300,318,294,313,17739000,313
2013-09-25,321,327,295,298,11524000,298
2013-09-24,312,336,311,330,16548000,330
2013-09-20,316,333,308,320,14019000,320
2013-09-19,340,350,323,330,38458000,330
2013-09-18,350,351,310,317,58047000,317
2013-09-17,311,381,310,356,170803000,356
2013-09-13,289,323,283,301,237974000,301
2013-09-12,246,309,240,302,211095000,302
2013-09-11,260,277,235,254,252065000,254
2013-09-10,233,240,232,240,17940000,240
2013-09-09,170,190,164,190,34972000,190
2013-09-06,149,149,137,140,9810000,140
2013-09-05,152,153,147,149,11467000,149
2013-09-04,149,156,144,154,35700000,154
2013-09-03,117,167,117,149,54409000,149
2013-09-02,113,117,113,117,878000,117
2013-08-30,114,115,112,113,451000,113
2013-08-29,114,115,113,113,261000,113
2013-08-28,115,115,113,114,656000,114
2013-08-27,118,118,116,117,389000,117
2013-08-26,118,120,116,118,798000,118
2013-08-23,117,118,116,117,535000,117
2013-08-22,115,117,114,115,540000,115
2013-08-21,116,116,113,114,684000,114
2013-08-20,117,119,116,116,317000,116
2013-08-19,116,119,116,118,288000,118
2013-08-16,115,117,115,116,257000,116
2013-08-15,117,118,116,116,357000,116
2013-08-14,119,119,117,119,481000,119
2013-08-13,118,118,116,118,327000,118
2013-08-12,117,118,115,116,439000,116
2013-08-09,116,117,115,116,387000,116
2013-08-08,115,117,115,115,519000,115
2013-08-07,118,118,115,116,573000,116
2013-08-06,118,119,116,119,390000,119
2013-08-05,118,120,117,117,701000,117
2013-08-02,114,117,114,117,823000,117
2013-08-01,112,114,112,114,484000,114
2013-07-31,113,114,111,112,407000,112
2013-07-30,110,115,110,114,903000,114
2013-07-29,114,115,110,110,685000,110
2013-07-26,120,120,116,116,785000,116
2013-07-25,122,122,119,119,742000,119
2013-07-24,123,123,122,123,304000,123
2013-07-23,124,124,122,123,428000,123
2013-07-22,125,125,123,125,966000,125
2013-07-19,125,126,121,124,1202000,124
2013-07-18,124,127,124,126,860000,126
2013-07-17,123,125,122,124,887000,124
2013-07-16,124,126,123,126,2000000,126
2013-07-12,120,125,119,122,2596000,122
2013-07-11,116,121,116,120,1453000,120
2013-07-10,118,120,116,117,1227000,117
2013-07-09,119,120,117,118,984000,118
2013-07-08,120,123,118,118,1142000,118
2013-07-05,116,120,116,119,2208000,119
2013-07-04,116,117,115,115,813000,115
2013-07-03,117,117,114,115,837000,115
2013-07-02,116,117,114,117,1296000,117
2013-07-01,113,116,113,115,1277000,115
2013-06-28,109,113,108,112,1304000,112
2013-06-27,107,108,106,107,975000,107
2013-06-26,110,110,106,106,635000,106
2013-06-25,110,110,107,107,475000,107
2013-06-24,109,110,107,108,703000,108
2013-06-21,106,108,104,108,896000,108
2013-06-20,109,110,108,108,757000,108
2013-06-19,109,111,108,110,720000,110
2013-06-18,110,110,108,108,363000,108
2013-06-17,106,109,105,107,1088000,107
2013-06-14,106,106,104,104,1073000,104
2013-06-13,107,107,104,104,841000,104
2013-06-12,105,109,104,107,1156000,107
2013-06-11,110,111,107,107,1048000,107
2013-06-10,108,110,107,109,1274000,109
2013-06-07,106,107,101,104,1468000,104
2013-06-06,110,113,106,106,2066000,106
2013-06-05,113,120,111,111,2090000,111
2013-06-04,112,114,108,113,1768000,113
2013-06-03,115,115,111,111,1185000,111
2013-05-31,118,119,115,116,860000,116
2013-05-30,118,120,115,115,1081000,115
2013-05-29,121,122,118,120,1198000,120
2013-05-28,115,119,115,118,1028000,118
2013-05-27,122,122,117,117,1371000,117
2013-05-24,126,129,121,124,1846000,124
2013-05-23,133,135,125,125,2252000,125
2013-05-22,132,136,132,133,2967000,133
2013-05-21,133,134,132,132,701000,132
2013-05-20,134,135,132,133,906000,133
2013-05-17,126,133,125,132,1520000,132
2013-05-16,130,131,123,126,2141000,126
2013-05-15,138,138,130,130,2728000,130
2013-05-14,135,140,135,137,3376000,137
2013-05-13,136,136,134,134,1036000,134
2013-05-10,135,135,133,133,1147000,133
2013-05-09,136,136,133,133,678000,133
2013-05-08,136,138,135,136,1995000,136
2013-05-07,135,136,134,134,695000,134
2013-05-02,134,135,131,133,1045000,133
2013-05-01,136,137,134,134,949000,134
2013-04-30,133,136,133,135,642000,135
2013-04-26,135,138,133,133,1850000,133
2013-04-25,135,136,133,134,1884000,134
2013-04-24,140,140,136,137,1884000,137
2013-04-23,140,142,136,138,7320000,138
2013-04-22,133,139,132,138,6919000,138
2013-04-19,132,132,129,132,1451000,132
2013-04-18,132,135,130,131,3246000,131
2013-04-17,129,135,129,133,3263000,133
2013-04-16,127,129,127,128,1031000,128
2013-04-15,133,133,129,130,1377000,130
2013-04-12,133,135,131,132,1738000,132
2013-04-11,136,137,131,133,2484000,133
2013-04-10,135,137,133,135,3608000,135
2013-04-09,132,134,129,132,3904000,132
2013-04-08,128,133,126,133,4223000,133
2013-04-05,129,129,125,127,2747000,127
2013-04-04,124,128,122,128,3232000,128
2013-04-03,119,130,119,128,13273000,128
2013-04-02,117,118,114,117,1720000,117
2013-04-01,117,120,116,116,1843000,116
2013-03-29,118,118,115,116,776000,116
2013-03-28,118,118,116,117,627000,117
2013-03-27,116,119,116,119,761000,119
2013-03-26,117,118,116,116,632000,116
2013-03-25,118,119,117,118,974000,118
2013-03-22,121,121,117,117,2141000,117
2013-03-21,116,121,115,121,3123000,121
2013-03-19,117,118,115,117,819000,117
2013-03-18,116,117,115,115,560000,115
2013-03-15,116,117,115,117,1572000,117
2013-03-14,118,118,116,116,821000,116
2013-03-13,117,119,117,117,815000,117
2013-03-12,120,120,117,117,1391000,117
2013-03-11,119,121,118,120,1461000,120
2013-03-08,119,120,116,119,1700000,119
2013-03-07,120,121,119,119,689000,119
2013-03-06,122,122,119,120,1059000,120
2013-03-05,122,123,118,119,1359000,119
2013-03-04,123,124,121,121,1135000,121
2013-03-01,120,123,120,123,1451000,123
2013-02-28,120,122,118,119,1781000,119
2013-02-27,115,123,114,121,3937000,121
2013-02-26,114,115,114,115,958000,115
2013-02-25,117,117,114,116,1637000,116
2013-02-22,116,117,114,116,1156000,116
2013-02-21,117,120,117,117,1036000,117
2013-02-20,116,118,116,118,1241000,118
2013-02-19,114,119,114,117,2009000,117
2013-02-18,112,116,112,113,2381000,113
2013-02-15,113,113,110,111,2521000,111
2013-02-14,115,117,111,114,7007000,114
2013-02-13,127,128,125,125,1761000,125
2013-02-12,135,135,129,129,2556000,129
2013-02-08,137,137,132,133,1908000,133
2013-02-07,133,137,132,136,2823000,136
2013-02-06,134,135,132,133,2042000,133
2013-02-05,133,136,132,132,2048000,132
2013-02-04,139,140,133,135,3412000,135
2013-02-01,142,142,137,139,3560000,139
2013-01-31,142,142,136,142,8189000,142
2013-01-30,131,146,129,141,41482000,141
2013-01-29,122,124,120,121,1291000,121
2013-01-28,125,125,122,123,976000,123
2013-01-25,126,127,123,125,1397000,125
2013-01-24,119,123,118,123,1188000,123
2013-01-23,123,124,118,118,1320000,118
2013-01-22,126,126,123,124,691000,124
2013-01-21,124,126,121,126,1413000,126
2013-01-18,126,127,123,124,1372000,124
2013-01-17,129,130,121,124,2556000,124
2013-01-16,131,134,129,130,2231000,130
2013-01-15,134,135,131,131,1717000,131
2013-01-11,136,136,132,132,1229000,132
2013-01-10,137,138,134,134,1763000,134
2013-01-09,132,136,129,135,3500000,135
2013-01-08,135,139,131,133,4539000,133
2013-01-07,132,137,129,135,4386000,135
2013-01-04,134,134,130,132,1173000,132
2012-12-28,133,133,128,130,1183000,130
2012-12-27,134,136,132,133,2073000,133
2012-12-26,132,134,130,132,1473000,132
2012-12-25,129,132,128,131,1852000,131
2012-12-21,134,134,126,127,2451000,127
2012-12-20,131,133,129,130,2271000,130
2012-12-19,130,133,129,131,3641000,131
2012-12-18,125,129,125,128,2583000,128
2012-12-17,125,126,123,125,2340000,125
2012-12-14,120,123,119,123,2826000,123
2012-12-13,120,121,119,120,2659000,120
2012-12-12,116,119,115,118,1639000,118
2012-12-11,116,116,113,116,1350000,116
2012-12-10,121,122,115,117,2228000,117
2012-12-07,117,120,115,120,2268000,120
2012-12-06,115,117,114,117,1562000,117
2012-12-05,115,116,113,113,1722000,113
2012-12-04,112,117,111,114,3965000,114
2012-12-03,110,114,109,111,3797000,111
2012-11-30,107,108,106,106,503000,106
2012-11-29,105,108,104,107,1407000,107
2012-11-28,107,107,104,104,681000,104
2012-11-27,103,108,103,108,1551000,108
2012-11-26,104,105,103,103,413000,103
2012-11-22,104,105,104,104,477000,104
2012-11-21,104,105,103,104,500000,104
2012-11-20,104,104,103,104,541000,104
2012-11-19,103,106,103,104,1236000,104
2012-11-16,101,102,99,102,764000,102
2012-11-15,96,101,96,101,1198000,101
2012-11-14,93,96,93,95,903000,95
2012-11-13,96,96,92,92,845000,92
2012-11-12,97,97,95,96,431000,96
2012-11-09,96,97,96,97,283000,97
2012-11-08,99,99,97,98,785000,98
2012-11-07,101,101,99,99,351000,99
2012-11-06,101,101,100,100,149000,100
2012-11-05,100,101,100,100,343000,100
2012-11-02,102,102,101,101,304000,101
2012-11-01,102,102,100,102,311000,102
2012-10-31,102,103,101,102,355000,102
2012-10-30,101,103,100,103,512000,103
2012-10-29,103,104,100,101,850000,101
2012-10-26,103,105,102,103,1209000,103
2012-10-25,100,105,99,104,2317000,104
2012-10-24,100,102,99,100,482000,100
2012-10-23,103,103,100,100,769000,100
2012-10-22,102,103,100,102,622000,102
2012-10-19,101,103,100,103,309000,103
2012-10-18,103,103,101,101,297000,101
2012-10-17,102,104,101,102,430000,102
2012-10-16,99,101,99,101,320000,101
2012-10-15,99,100,98,99,236000,99
2012-10-12,99,101,99,99,327000,99
2012-10-11,99,101,98,99,600000,99
2012-10-10,100,101,98,99,591000,99
2012-10-09,103,104,101,101,503000,101
2012-10-05,104,105,103,105,298000,105
2012-10-04,104,105,103,103,392000,103
2012-10-03,103,106,103,104,640000,104
2012-10-02,106,106,103,103,439000,103
2012-10-01,106,108,104,105,769000,105
2012-09-28,107,108,106,106,995000,106
2012-09-27,104,107,103,106,1061000,106
2012-09-26,103,105,103,104,789000,104
2012-09-25,104,104,103,104,364000,104
2012-09-24,104,105,102,104,459000,104
2012-09-21,103,106,103,104,866000,104
2012-09-20,104,107,103,103,816000,103
2012-09-19,102,104,101,103,847000,103
2012-09-18,99,102,98,102,1359000,102
2012-09-14,98,99,97,97,648000,97
2012-09-13,98,98,97,97,189000,97
2012-09-12,97,99,97,97,503000,97
2012-09-11,99,99,97,99,488000,99
2012-09-10,97,100,97,99,505000,99
2012-09-07,100,100,97,97,851000,97
2012-09-06,96,99,95,96,825000,96
2012-09-05,99,100,95,95,805000,95
2012-09-04,99,100,98,99,346000,99
2012-09-03,100,100,98,99,515000,99
2012-08-31,100,100,98,98,484000,98
2012-08-30,102,102,100,100,652000,100
2012-08-29,101,103,100,100,682000,100
2012-08-28,104,104,101,102,374000,102
2012-08-27,108,108,104,104,360000,104
2012-08-24,108,108,107,107,282000,107
2012-08-23,108,109,107,108,196000,108
2012-08-22,108,110,108,109,182000,109
2012-08-21,109,111,108,109,343000,109
2012-08-20,111,111,108,110,483000,110
2012-08-17,110,111,110,110,285000,110
2012-08-16,109,110,108,110,351000,110
2012-08-15,107,113,107,109,1293000,109
2012-08-14,105,107,105,107,473000,107
2012-08-13,106,106,104,105,209000,105
2012-08-10,105,106,104,106,363000,106
2012-08-09,106,107,105,107,413000,107
2012-08-08,103,107,102,103,1376000,103
2012-08-07,102,105,101,103,935000,103
2012-08-06,106,107,104,106,518000,106
2012-08-03,109,109,104,105,449000,105
2012-08-02,111,111,109,110,368000,110
2012-08-01,111,111,108,110,438000,110
2012-07-31,109,113,108,112,784000,112
2012-07-30,107,108,106,108,610000,108
2012-07-27,106,107,103,105,737000,105
2012-07-26,101,104,99,104,854000,104
2012-07-25,101,102,99,99,669000,99
2012-07-24,99,102,98,101,783000,101
2012-07-23,103,104,101,101,860000,101
2012-07-20,112,112,105,107,786000,107
2012-07-19,110,114,110,111,627000,111
2012-07-18,113,114,109,110,397000,110
2012-07-17,114,115,112,113,793000,113
2012-07-13,111,117,111,115,889000,115
2012-07-12,117,117,111,112,683000,112
2012-07-11,119,119,115,117,706000,117
2012-07-10,120,121,118,118,1954000,118
2012-07-09,116,116,114,115,683000,115
2012-07-06,116,119,115,117,931000,117
2012-07-05,119,120,116,116,784000,116
2012-07-04,123,124,118,119,1741000,119
2012-07-03,118,124,116,124,2702000,124
2012-07-02,118,120,116,119,2347000,119
2012-06-29,115,118,112,114,1552000,114
2012-06-28,117,119,114,116,2033000,116
2012-06-27,102,114,102,113,1616000,113
2012-06-26,104,105,102,102,455000,102
2012-06-25,106,107,105,105,1129000,105
2012-06-22,98,104,98,103,1749000,103
2012-06-21,100,101,98,101,891000,101
2012-06-20,98,99,97,98,421000,98
2012-06-19,97,98,95,96,428000,96
2012-06-18,97,98,96,98,651000,98
2012-06-15,95,95,92,93,405000,93
2012-06-14,95,95,93,95,235000,95
2012-06-13,97,97,95,95,390000,95
2012-06-12,92,96,91,96,563000,96
2012-06-11,96,97,95,95,573000,95
2012-06-08,94,94,92,93,656000,93
2012-06-07,96,97,94,95,541000,95
2012-06-06,89,93,89,93,602000,93
2012-06-05,88,90,86,90,584000,90
2012-06-04,87,88,83,84,1241000,84
2012-06-01,96,96,92,92,622000,92
2012-05-31,94,97,94,96,513000,96
2012-05-30,99,101,96,98,470000,98
2012-05-29,97,99,93,99,1055000,99
2012-05-28,101,101,96,98,716000,98
2012-05-25,104,104,100,101,929000,101
2012-05-24,99,104,98,103,1786000,103
2012-05-23,101,101,97,97,909000,97
2012-05-22,105,105,101,101,628000,101
2012-05-21,100,102,99,101,410000,101
2012-05-18,97,98,96,98,524000,98
2012-05-17,96,102,95,102,608000,102
2012-05-16,96,100,94,97,1153000,97
2012-05-15,92,97,90,97,1488000,97
2012-05-14,98,100,95,95,1094000,95
2012-05-11,108,108,99,100,1244000,100
2012-05-10,105,108,103,108,808000,108
2012-05-09,108,109,105,105,599000,105
2012-05-08,108,111,108,111,551000,111
2012-05-07,109,110,107,107,872000,107
2012-05-02,114,114,112,112,609000,112
2012-05-01,115,115,113,114,598000,114
2012-04-27,118,119,115,116,681000,116
2012-04-26,119,119,117,119,625000,119
2012-04-25,116,119,115,118,1233000,118
2012-04-24,120,121,118,119,1107000,119
2012-04-23,123,124,120,120,562000,120
2012-04-20,123,124,121,123,1249000,123
2012-04-19,124,124,123,123,520000,123
2012-04-18,126,127,124,125,1492000,125
2012-04-17,125,126,123,125,1050000,125
2012-04-16,124,126,124,126,894000,126
2012-04-13,122,128,122,126,1578000,126
2012-04-12,123,123,119,120,1655000,120
2012-04-11,122,124,122,123,1153000,123
2012-04-10,125,126,123,124,823000,124
2012-04-09,125,126,123,124,1004000,124
2012-04-06,128,128,125,126,831000,126
2012-04-05,128,129,125,128,1493000,128
2012-04-04,131,133,128,130,2811000,130
2012-04-03,133,134,131,131,2014000,131
2012-04-02,134,134,131,132,2733000,132
2012-03-30,133,133,131,131,1323000,131
2012-03-29,129,133,129,133,2519000,133
2012-03-28,129,130,128,128,824000,128
2012-03-27,129,130,128,130,1509000,130
2012-03-26,131,132,129,129,858000,129
2012-03-23,133,133,130,131,1818000,131
2012-03-22,133,134,132,133,1014000,133
2012-03-21,135,136,132,132,2436000,132
2012-03-19,135,138,134,135,7758000,135
2012-03-16,131,131,129,130,1871000,130
2012-03-15,133,134,130,131,3633000,131
2012-03-14,134,136,133,133,3314000,133
2012-03-13,135,137,133,135,3896000,135
2012-03-12,138,140,133,135,11057000,135
2012-03-09,138,140,137,140,11490000,140
2012-03-08,135,144,135,142,49784000,142
2012-03-07,132,140,128,137,54219000,137
2012-03-06,115,119,115,118,1757000,118
2012-03-05,114,116,113,115,1323000,115
2012-03-02,110,113,109,113,748000,113
2012-03-01,113,113,109,109,1088000,109
2012-02-29,113,115,111,113,1384000,113
2012-02-28,115,115,111,113,1199000,113
2012-02-27,116,117,115,116,742000,116
2012-02-24,117,118,116,116,873000,116
2012-02-23,117,118,117,118,904000,118
2012-02-22,115,118,113,118,2452000,118
2012-02-21,110,116,110,114,3457000,114
2012-02-20,113,114,110,110,2139000,110
2012-02-17,121,122,115,116,3452000,116
2012-02-16,122,124,120,120,1552000,120
2012-02-15,121,122,120,122,801000,122
2012-02-14,120,122,120,120,1414000,120
2012-02-13,118,122,118,120,2725000,120
2012-02-10,126,130,126,127,1917000,127
2012-02-09,130,132,126,126,2587000,126
2012-02-08,128,133,128,131,5317000,131
2012-02-07,128,130,126,126,3969000,126
2012-02-06,123,129,122,128,3742000,128
2012-02-03,122,124,120,122,2408000,122
2012-02-02,125,125,120,122,2127000,122
2012-02-01,118,126,118,123,4776000,123
2012-01-31,117,118,117,117,505000,117
2012-01-30,118,119,117,117,966000,117
2012-01-27,117,119,116,117,1597000,117
2012-01-26,119,120,116,117,1428000,117
2012-01-25,119,122,118,120,1716000,120
2012-01-24,122,122,118,120,1107000,120
2012-01-23,119,123,118,122,2070000,122
2012-01-20,122,122,117,118,2114000,118
2012-01-19,117,120,115,119,3187000,119
2012-01-18,124,125,115,118,6520000,118
2012-01-17,119,123,116,122,6797000,122
2012-01-16,108,118,107,117,4552000,117
2012-01-13,109,113,108,110,3651000,110
2012-01-12,109,110,105,107,2374000,107
2012-01-11,105,111,103,110,4753000,110
2012-01-10,100,106,99,106,4070000,106
2012-01-06,99,100,94,98,2673000,98
2012-01-05,91,104,90,99,5315000,99
2012-01-04,89,90,88,90,385000,90
2011-12-30,86,88,85,87,748000,87
2011-12-29,84,86,84,86,145000,86
2011-12-28,86,86,84,85,349000,85
2011-12-27,85,86,85,86,262000,86
2011-12-26,88,88,86,86,252000,86
2011-12-22,88,88,85,86,419000,86
2011-12-21,89,90,88,88,354000,88
2011-12-20,86,89,86,89,339000,89
2011-12-19,89,89,86,87,337000,87
2011-12-16,91,91,89,89,210000,89
2011-12-15,90,91,88,90,614000,90
2011-12-14,91,92,90,91,296000,91
2011-12-13,92,93,91,91,526000,91
2011-12-12,94,95,93,93,442000,93
2011-12-09,91,93,91,92,433000,92
2011-12-08,91,94,90,93,1179000,93
2011-12-07,90,91,88,91,599000,91
2011-12-06,91,92,88,88,855000,88
2011-12-05,89,91,88,90,670000,90
2011-12-02,86,89,85,88,715000,88
2011-12-01,86,87,85,86,566000,86
2011-11-30,85,87,84,86,462000,86
2011-11-29,83,85,82,85,356000,85
2011-11-28,82,83,81,82,157000,82
2011-11-25,83,83,81,81,467000,81
2011-11-24,81,83,81,83,546000,83
2011-11-22,79,82,78,82,473000,82
2011-11-21,80,80,79,79,275000,79
2011-11-18,81,82,79,79,711000,79
2011-11-17,82,83,81,82,693000,82
2011-11-16,87,87,83,83,910000,83
2011-11-15,88,89,87,87,278000,87
2011-11-14,89,90,88,89,207000,89
2011-11-11,90,90,88,88,319000,88
2011-11-10,88,90,87,89,484000,89
2011-11-09,90,92,90,91,273000,91
2011-11-08,93,94,89,89,937000,89
2011-11-07,88,93,87,92,918000,92
2011-11-04,87,89,87,88,347000,88
2011-11-02,88,88,85,87,1012000,87
2011-11-01,91,91,89,90,248000,90
2011-10-31,90,92,90,91,594000,91
2011-10-28,93,93,91,91,563000,91
2011-10-27,91,92,90,91,349000,91
2011-10-26,89,92,88,90,1228000,90
2011-10-25,93,94,92,93,680000,93
2011-10-24,92,94,92,93,518000,93
2011-10-21,90,93,90,93,513000,93
2011-10-20,91,92,89,89,398000,89
2011-10-19,93,95,90,92,879000,92
2011-10-18,95,96,93,93,997000,93
2011-10-17,98,98,95,96,593000,96
2011-10-14,96,99,95,96,1263000,96
2011-10-13,98,99,95,96,1655000,96
2011-10-12,94,99,92,98,1622000,98
2011-10-11,93,96,93,94,1216000,94
2011-10-07,90,92,90,92,890000,92
2011-10-06,90,91,89,90,581000,90
2011-10-05,92,92,88,89,1307000,89
2011-10-04,87,91,86,90,1755000,90
2011-10-03,84,88,84,88,1654000,88
2011-09-30,87,87,84,85,1109000,85
2011-09-29,84,87,83,86,1037000,86
2011-09-28,80,85,80,85,916000,85
2011-09-27,80,81,79,79,680000,79
2011-09-26,83,83,77,78,1493000,78
2011-09-22,83,85,83,83,1420000,83
2011-09-21,84,86,83,85,1475000,85
2011-09-20,83,84,81,83,1555000,83
2011-09-16,82,84,81,84,1746000,84
2011-09-15,81,84,81,81,1431000,81
2011-09-14,84,85,81,81,2972000,81
2011-09-13,86,88,85,86,1290000,86
2011-09-12,86,86,83,84,1086000,84
2011-09-09,88,91,88,88,2214000,88
2011-09-08,94,94,91,92,688000,92
2011-09-07,95,96,93,94,446000,94
2011-09-06,97,97,94,95,729000,95
2011-09-05,96,98,95,98,736000,98
2011-09-02,97,98,96,98,311000,98
2011-09-01,98,99,96,98,792000,98
2011-08-31,99,100,97,98,391000,98
2011-08-30,97,100,97,100,945000,100
2011-08-29,97,99,94,96,1845000,96
2011-08-26,96,97,95,96,1435000,96
2011-08-25,96,98,96,97,1017000,97
2011-08-24,100,101,96,98,693000,98
2011-08-23,99,99,97,98,279000,98
2011-08-22,97,101,97,98,476000,98
2011-08-19,100,100,98,98,524000,98
2011-08-18,105,105,102,102,310000,102
2011-08-17,102,107,102,105,751000,105
2011-08-16,105,105,101,102,391000,102
2011-08-15,105,106,103,105,374000,105
2011-08-12,105,106,102,104,694000,104
2011-08-11,94,104,93,104,1304000,104
2011-08-10,98,98,96,96,422000,96
2011-08-09,92,95,89,95,1404000,95
2011-08-08,99,100,97,97,425000,97
2011-08-05,99,101,98,100,669000,100
2011-08-04,105,106,104,104,559000,104
2011-08-03,107,107,105,105,348000,105
2011-08-02,111,112,108,108,491000,108
2011-08-01,112,113,111,111,525000,111
2011-07-29,111,113,111,111,670000,111
2011-07-28,111,112,110,111,588000,111
2011-07-27,113,113,111,111,481000,111
2011-07-26,113,114,112,113,230000,113
2011-07-25,115,116,113,113,411000,113
2011-07-22,111,114,111,114,442000,114
2011-07-21,112,113,111,111,339000,111
2011-07-20,114,115,113,113,178000,113
2011-07-19,113,114,112,113,169000,113
2011-07-15,112,113,112,113,194000,113
2011-07-14,115,115,112,112,456000,112
2011-07-13,114,116,114,115,186000,115
2011-07-12,116,116,114,115,497000,115
2011-07-11,118,118,117,118,335000,118
2011-07-08,118,119,117,117,431000,117
2011-07-07,117,119,116,118,1166000,118
2011-07-06,114,117,114,117,480000,117
2011-07-05,114,116,113,114,644000,114
2011-07-04,115,115,113,114,376000,114
2011-07-01,114,116,114,114,350000,114
2011-06-30,114,115,113,113,222000,113
2011-06-29,113,115,113,114,281000,114
2011-06-28,114,115,112,112,439000,112
2011-06-27,114,115,113,114,473000,114
2011-06-24,116,117,114,116,354000,116
2011-06-23,117,118,114,116,1358000,116
2011-06-22,113,116,113,116,2026000,116
2011-06-21,109,113,109,112,1261000,112
2011-06-20,105,109,105,108,543000,108
2011-06-17,107,107,104,106,485000,106
2011-06-16,109,110,107,107,353000,107
2011-06-15,111,111,108,109,664000,109
2011-06-14,108,111,108,111,842000,111
2011-06-13,103,109,102,108,737000,108
2011-06-10,104,107,103,104,567000,104
2011-06-09,103,104,102,104,378000,104
2011-06-08,102,105,102,104,454000,104
2011-06-07,101,103,100,102,514000,102
2011-06-06,102,107,100,101,645000,101
2011-06-03,107,108,101,102,941000,102
2011-06-02,105,112,105,106,1877000,106
2011-06-01,103,106,102,106,465000,106
2011-05-31,102,103,101,103,378000,103
2011-05-30,100,102,99,102,529000,102
2011-05-27,99,101,98,99,436000,99
2011-05-26,98,100,98,99,361000,99
2011-05-25,102,102,97,98,581000,98
2011-05-24,98,102,97,101,820000,101
2011-05-23,100,100,96,98,595000,98
2011-05-20,104,105,101,101,392000,101
2011-05-19,107,108,104,104,484000,104
2011-05-18,105,107,104,107,507000,107
2011-05-17,107,107,105,105,476000,105
2011-05-16,107,111,107,108,1179000,108
2011-05-13,107,108,106,107,658000,107
2011-05-12,109,109,108,108,686000,108
2011-05-11,112,112,110,110,670000,110
2011-05-10,113,113,111,111,445000,111
2011-05-09,114,115,112,113,731000,113
2011-05-06,110,115,110,113,2255000,113
2011-05-02,108,112,108,112,1292000,112
2011-04-28,108,110,107,108,798000,108
2011-04-27,109,110,107,108,470000,108
2011-04-26,107,110,105,109,1238000,109
2011-04-25,108,112,106,107,1436000,107
2011-04-22,108,108,104,107,1084000,107
2011-04-21,111,112,107,109,1381000,109
2011-04-20,112,114,111,111,738000,111
2011-04-19,114,114,111,112,1112000,112
2011-04-18,116,118,115,115,1076000,115
2011-04-15,118,119,115,117,1450000,117
2011-04-14,114,118,113,117,1702000,117
2011-04-13,110,114,110,113,796000,113
2011-04-12,116,117,111,112,1425000,112
2011-04-11,113,118,113,117,1735000,117
2011-04-08,108,115,108,113,1576000,113
2011-04-07,116,117,109,110,1867000,110
2011-04-06,120,120,112,113,2256000,113
2011-04-05,127,129,118,122,4779000,122
2011-04-04,125,127,122,124,3121000,124
2011-04-01,124,127,122,124,3108000,124
2011-03-31,128,128,122,127,1581000,127
2011-03-30,132,134,125,126,2630000,126
2011-03-29,125,132,123,131,4228000,131
2011-03-28,135,136,123,125,3998000,125
2011-03-25,146,147,131,140,6393000,140
2011-03-24,149,153,142,146,8218000,146
2011-03-23,131,156,129,141,14491000,141
2011-03-22,119,146,114,134,15356000,134
2011-03-18,111,114,109,112,1870000,112
2011-03-17,100,118,100,109,4080000,109
2011-03-16,95,112,95,110,5911000,110
2011-03-15,117,117,71,92,5976000,92
2011-03-14,112,117,100,117,12238000,117
2011-03-11,85,88,84,87,875000,87
2011-03-10,90,90,86,87,1066000,87
2011-03-09,90,91,90,90,425000,90
2011-03-08,90,91,89,89,208000,89
2011-03-07,92,92,89,90,386000,90
2011-03-04,92,93,91,92,1132000,92
2011-03-03,88,90,87,90,816000,90
2011-03-02,87,88,87,87,213000,87
2011-03-01,89,90,88,88,302000,88
2011-02-28,88,89,87,88,261000,88
2011-02-25,87,89,86,89,664000,89
2011-02-24,87,89,86,87,715000,87
2011-02-23,87,89,87,87,668000,87
2011-02-22,90,90,87,88,906000,88
2011-02-21,88,90,88,90,750000,90
2011-02-18,88,88,87,88,235000,88
2011-02-17,88,88,87,87,536000,87
2011-02-16,88,89,87,88,298000,88
2011-02-15,88,89,87,88,458000,88
2011-02-14,89,89,87,87,1447000,87
2011-02-10,89,91,88,91,799000,91
2011-02-09,89,90,88,89,809000,89
2011-02-08,90,91,88,89,1239000,89
2011-02-07,90,91,89,91,752000,91
2011-02-04,92,92,88,90,1311000,90
2011-02-03,90,91,89,91,421000,91
2011-02-02,91,92,89,91,1595000,91
2011-02-01,89,91,89,90,883000,90
2011-01-31,89,91,88,90,1114000,90
2011-01-28,93,94,91,91,2575000,91
2011-01-27,92,93,91,92,772000,92
2011-01-26,91,93,90,91,1078000,91
2011-01-25,88,92,88,91,855000,91
2011-01-24,87,88,86,87,352000,87
2011-01-21,90,90,87,88,818000,88
2011-01-20,90,90,88,89,268000,89
2011-01-19,89,91,89,91,530000,91
2011-01-18,87,88,86,88,631000,88
2011-01-17,89,89,87,87,647000,87
2011-01-14,90,91,88,89,578000,89
2011-01-13,91,91,88,90,1082000,90
2011-01-12,91,92,88,88,1023000,88
2011-01-11,87,92,87,91,1246000,91
2011-01-07,87,88,86,87,625000,87
2011-01-06,87,88,85,88,1063000,88
2011-01-05,83,86,82,85,1073000,85
2011-01-04,81,83,80,82,286000,82
2010-12-30,82,82,80,80,314000,80
2010-12-29,81,82,81,82,117000,82
2010-12-28,80,82,79,82,324000,82
2010-12-27,81,81,80,80,390000,80
2010-12-24,82,82,80,81,684000,81
2010-12-22,83,84,82,83,513000,83
2010-12-21,83,84,80,84,1215000,84
2010-12-20,83,85,81,83,1307000,83
2010-12-17,85,86,81,83,2069000,83
2010-12-16,83,86,83,84,1032000,84
2010-12-15,84,85,83,84,1386000,84
2010-12-14,79,86,79,84,1981000,84
2010-12-13,77,79,77,79,414000,79
2010-12-10,79,79,77,77,1088000,77
2010-12-09,80,81,78,79,718000,79
2010-12-08,79,81,79,80,778000,80
2010-12-07,80,81,78,78,935000,78
2010-12-06,78,80,77,80,732000,80
2010-12-03,78,78,77,78,97000,78
2010-12-02,78,79,77,77,346000,77
2010-12-01,76,77,75,77,142000,77
2010-11-30,78,79,76,76,536000,76
2010-11-29,78,79,78,79,198000,79
2010-11-26,79,79,77,78,405000,78
2010-11-25,78,79,75,78,1006000,78
2010-11-24,75,77,74,76,419000,76
2010-11-22,74,77,73,77,861000,77
2010-11-19,74,75,72,73,635000,73
2010-11-18,71,74,71,73,483000,73
2010-11-17,71,72,71,72,183000,72
2010-11-16,71,72,70,71,246000,71
2010-11-15,71,72,71,71,195000,71
2010-11-12,72,73,71,71,243000,71
2010-11-11,73,73,71,73,544000,73
2010-11-10,71,74,70,73,509000,73
2010-11-09,71,72,70,71,227000,71
2010-11-08,69,72,69,72,614000,72
2010-11-05,68,70,68,69,525000,69
2010-11-04,68,68,67,68,232000,68
2010-11-02,67,68,66,67,120000,67
2010-11-01,67,68,66,67,158000,67
2010-10-29,69,69,66,67,584000,67
2010-10-28,68,70,67,70,395000,70
2010-10-27,70,70,68,69,611000,69
2010-10-26,69,70,68,68,260000,68
2010-10-25,69,70,68,69,351000,69
2010-10-22,68,68,67,68,172000,68
2010-10-21,67,68,67,67,146000,67
2010-10-20,67,68,66,67,153000,67
2010-10-19,67,68,67,67,257000,67
2010-10-18,67,67,66,66,97000,66
2010-10-15,67,68,66,66,520000,66
2010-10-14,66,68,65,67,507000,67
2010-10-13,66,66,65,65,407000,65
2010-10-12,68,69,65,65,1381000,65
2010-10-08,67,68,67,68,450000,68
2010-10-07,69,69,68,69,577000,69
2010-10-06,67,69,67,69,450000,69
2010-10-05,68,68,66,67,748000,67
2010-10-04,69,69,68,68,168000,68
2010-10-01,70,70,69,69,338000,69
2010-09-30,71,72,69,70,604000,70
2010-09-29,72,72,71,72,240000,72
2010-09-28,72,72,71,72,70000,72
2010-09-27,72,73,72,73,144000,73
2010-09-24,73,73,72,72,250000,72
2010-09-22,72,74,72,73,186000,73
2010-09-21,73,73,72,73,116000,73
2010-09-17,71,73,71,73,178000,73
2010-09-16,72,72,71,71,78000,71
2010-09-15,72,73,71,72,191000,72
2010-09-14,72,73,72,72,202000,72
2010-09-13,73,73,72,72,289000,72
2010-09-10,72,73,72,73,234000,73
2010-09-09,71,73,71,72,330000,72
2010-09-08,71,72,70,72,215000,72
2010-09-07,73,73,71,72,421000,72
2010-09-06,71,73,71,72,298000,72
2010-09-03,71,72,70,70,216000,70
2010-09-02,71,71,70,71,132000,71
2010-09-01,70,70,69,70,224000,70
2010-08-31,71,72,70,70,142000,70
2010-08-30,72,73,71,72,156000,72
2010-08-27,70,72,70,72,158000,72
2010-08-26,71,71,70,71,152000,71
2010-08-25,71,71,69,71,274000,71
2010-08-24,71,72,70,72,141000,72
2010-08-23,70,71,70,71,280000,71
2010-08-20,71,71,70,70,188000,70
2010-08-19,71,72,70,71,217000,71
2010-08-18,72,72,71,71,144000,71
2010-08-17,71,73,71,72,253000,72
2010-08-16,71,73,71,71,68000,71
2010-08-13,71,73,71,72,92000,72
2010-08-12,73,74,71,71,248000,71
2010-08-11,76,77,74,74,258000,74
2010-08-10,75,77,75,76,239000,76
2010-08-09,74,75,74,75,80000,75
2010-08-06,75,75,74,75,46000,75
2010-08-05,72,75,72,75,254000,75
2010-08-04,73,73,72,72,142000,72
2010-08-03,74,74,73,74,102000,74
2010-08-02,73,75,73,74,161000,74
2010-07-30,74,74,73,73,155000,73
2010-07-29,73,75,72,74,324000,74
2010-07-28,73,74,72,74,192000,74
2010-07-27,73,74,72,73,136000,73
2010-07-26,73,73,72,72,97000,72
2010-07-23,72,73,72,73,243000,73
2010-07-22,70,71,70,71,167000,71
2010-07-21,74,74,69,70,889000,70
2010-07-20,72,74,72,73,379000,73
2010-07-16,75,75,72,72,496000,72
2010-07-15,77,77,75,75,231000,75
2010-07-14,77,79,77,77,422000,77
2010-07-13,77,78,77,77,155000,77
2010-07-12,78,80,77,77,379000,77
2010-07-09,76,78,76,77,165000,77
2010-07-08,76,77,76,76,302000,76
2010-07-07,77,77,75,75,170000,75
2010-07-06,76,77,75,77,129000,77
2010-07-05,75,77,75,77,155000,77
2010-07-02,74,77,74,77,313000,77
2010-07-01,73,74,72,74,216000,74
2010-06-30,73,74,72,74,258000,74
2010-06-29,77,78,74,75,439000,75
2010-06-28,76,76,74,76,397000,76
2010-06-25,78,78,76,77,834000,77
2010-06-24,81,81,78,79,803000,79
2010-06-23,81,81,80,80,237000,80
2010-06-22,82,82,81,82,205000,82
2010-06-21,80,82,80,82,138000,82
2010-06-18,81,82,80,80,152000,80
2010-06-17,82,82,80,80,258000,80
2010-06-16,82,83,81,83,341000,83
2010-06-15,81,81,79,80,191000,80
2010-06-14,79,80,78,79,427000,79
2010-06-11,81,81,78,78,604000,78
2010-06-10,77,79,76,78,322000,78
2010-06-09,80,81,77,78,506000,78
2010-06-08,82,82,79,80,488000,80
2010-06-07,82,83,81,82,365000,82
2010-06-04,85,86,84,85,173000,85
2010-06-03,84,85,83,85,130000,85
2010-06-02,83,84,82,82,207000,82
2010-06-01,86,86,83,83,391000,83
2010-05-31,84,86,83,86,330000,86
2010-05-28,85,86,84,85,519000,85
2010-05-27,81,83,81,82,412000,82
2010-05-26,83,84,82,82,328000,82
2010-05-25,83,83,81,83,706000,83
2010-05-24,84,84,82,84,237000,84
2010-05-21,82,83,80,83,787000,83
2010-05-20,87,87,85,86,318000,86
2010-05-19,85,87,83,87,381000,87
2010-05-18,91,91,84,86,922000,86
2010-05-17,94,95,89,90,1158000,90
2010-05-14,89,93,88,90,421000,90
2010-05-13,89,90,87,90,307000,90
2010-05-12,89,90,86,86,391000,86
2010-05-11,93,93,88,88,518000,88
2010-05-10,87,91,86,91,715000,91
2010-05-07,87,89,85,87,691000,87
2010-05-06,92,93,91,92,350000,92
2010-04-30,94,95,93,95,232000,95
2010-04-28,94,95,92,93,571000,93
2010-04-27,98,98,95,96,506000,96
2010-04-26,97,99,96,97,1458000,97
2010-04-23,96,97,95,96,776000,96
2010-04-22,95,96,94,96,877000,96
2010-04-21,92,97,92,97,1923000,97
2010-04-20,91,93,91,91,351000,91
2010-04-19,91,91,90,90,246000,90
2010-04-16,94,95,91,93,890000,93
2010-04-15,92,94,90,93,2499000,93
2010-04-14,91,91,89,89,593000,89
2010-04-13,91,91,88,91,1452000,91
2010-04-12,94,95,92,92,1053000,92
2010-04-09,90,93,89,93,848000,93
2010-04-08,87,91,86,90,2305000,90
2010-04-07,86,88,84,87,1094000,87
2010-04-06,86,86,83,86,1306000,86
2010-04-05,82,85,81,85,1216000,85
2010-04-02,81,82,80,82,577000,82
2010-04-01,81,81,79,81,276000,81
2010-03-31,81,82,80,80,731000,80
2010-03-30,77,81,77,81,983000,81
2010-03-29,78,78,77,77,213000,77
2010-03-26,77,78,76,78,270000,78
2010-03-25,78,78,76,76,363000,76
2010-03-24,76,78,76,78,404000,78
2010-03-23,77,78,76,76,521000,76
2010-03-19,79,79,76,76,850000,76
2010-03-18,78,80,77,78,1509000,78
2010-03-17,77,78,76,78,623000,78
2010-03-16,77,77,75,76,816000,76
2010-03-15,77,78,75,76,1630000,76
2010-03-12,72,75,72,75,2253000,75
2010-03-11,72,73,71,72,998000,72
2010-03-10,71,72,70,71,400000,71
2010-03-09,72,72,71,71,244000,71
2010-03-08,72,72,71,72,438000,72
2010-03-05,71,72,71,71,196000,71
2010-03-04,72,72,71,71,219000,71
2010-03-03,73,73,71,72,698000,72
2010-03-02,73,73,72,73,187000,73
2010-03-01,73,74,72,73,326000,73
2010-02-26,72,73,72,73,110000,73
2010-02-25,73,74,72,72,226000,72
2010-02-24,73,74,72,73,344000,73
2010-02-23,73,74,72,73,331000,73
2010-02-22,73,74,72,73,309000,73
2010-02-19,74,76,72,72,583000,72
2010-02-18,75,75,73,74,243000,74
2010-02-17,74,75,74,75,86000,75
2010-02-16,72,74,72,73,90000,73
2010-02-15,74,74,73,73,57000,73
2010-02-12,75,75,73,74,258000,74
2010-02-10,75,76,74,74,226000,74
2010-02-09,74,75,74,75,115000,75
2010-02-08,75,76,74,74,139000,74
2010-02-05,77,77,75,75,369000,75
2010-02-04,78,79,77,77,159000,77
2010-02-03,79,80,78,79,230000,79
2010-02-02,78,79,77,78,57000,78
2010-02-01,79,79,77,77,228000,77
2010-01-29,79,80,78,80,317000,80
2010-01-28,80,80,79,79,164000,79
2010-01-27,79,80,78,79,100000,79
2010-01-26,79,81,79,79,373000,79
2010-01-25,80,80,78,78,261000,78
2010-01-22,79,80,78,80,258000,80
2010-01-21,78,80,77,80,608000,80
2010-01-20,79,80,78,78,176000,78
2010-01-19,79,79,78,79,181000,79
2010-01-18,79,80,78,78,140000,78
2010-01-15,81,81,79,80,447000,80
2010-01-14,79,82,76,81,761000,81
2010-01-13,83,84,79,79,798000,79
2010-01-12,80,83,80,83,661000,83
2010-01-08,79,80,78,80,250000,80
2010-01-07,79,79,78,79,354000,79
2010-01-06,78,79,77,79,482000,79
2010-01-05,79,79,78,79,203000,79
2010-01-04,79,80,77,77,290000,77
2009-12-30,80,80,77,80,714000,80
2009-12-29,78,80,77,80,420000,80
2009-12-28,78,79,78,78,545000,78
2009-12-25,79,79,77,77,303000,77
2009-12-24,76,79,75,78,310000,78
2009-12-22,75,76,75,76,198000,76
2009-12-21,76,76,75,75,124000,75
2009-12-18,75,76,74,75,159000,75
2009-12-17,77,77,76,76,64000,76
2009-12-16,76,77,75,77,231000,77
2009-12-15,76,76,75,75,126000,75
2009-12-14,76,77,74,75,390000,75
2009-12-11,74,76,73,75,612000,75
2009-12-10,76,76,74,75,202000,75
2009-12-09,77,77,76,76,277000,76
2009-12-08,77,78,77,77,142000,77
2009-12-07,79,80,76,78,346000,78
2009-12-04,77,77,75,76,197000,76
2009-12-03,79,79,77,77,293000,77
2009-12-02,79,79,78,79,161000,79
2009-12-01,77,80,76,79,399000,79
2009-11-30,72,80,72,80,402000,80
2009-11-27,71,72,69,72,176000,72
2009-11-26,71,72,70,72,146000,72
2009-11-25,71,71,70,70,243000,70
2009-11-24,71,71,69,71,246000,71
2009-11-20,66,71,66,70,520000,70
2009-11-19,72,72,69,70,1100000,70
2009-11-18,75,75,72,73,223000,73
2009-11-17,76,76,72,76,328000,76
2009-11-16,75,77,75,77,177000,77
2009-11-13,76,77,75,77,100000,77
2009-11-12,78,78,76,76,197000,76
2009-11-11,79,79,78,78,130000,78
2009-11-10,78,79,77,78,224000,78
2009-11-09,79,79,77,77,171000,77
2009-11-06,79,79,77,79,117000,79
2009-11-05,79,80,77,79,146000,79
2009-11-04,78,80,78,80,104000,80
2009-11-02,77,80,77,78,216000,78
2009-10-30,81,81,80,80,163000,80
2009-10-29,80,81,80,80,401000,80
2009-10-28,84,85,81,81,341000,81
2009-10-27,82,85,80,84,453000,84
2009-10-26,81,82,81,82,181000,82
2009-10-23,81,82,81,81,267000,81
2009-10-22,82,82,80,82,402000,82
2009-10-21,80,82,80,82,121000,82
2009-10-20,80,82,79,82,128000,82
2009-10-19,80,80,76,79,223000,79
2009-10-16,79,81,79,80,124000,80
2009-10-15,82,83,80,80,370000,80
2009-10-14,82,83,80,82,336000,82
2009-10-13,84,84,81,81,416000,81
2009-10-09,79,80,78,80,294000,80
2009-10-08,75,78,74,78,369000,78
2009-10-07,72,75,71,75,315000,75
2009-10-06,74,76,71,73,279000,73
2009-10-05,75,76,73,75,379000,75
2009-10-02,75,75,73,74,310000,74
2009-10-01,78,78,76,76,212000,76
2009-09-30,75,77,75,77,207000,77
2009-09-29,76,77,76,77,316000,77
2009-09-28,75,77,73,77,429000,77
2009-09-25,79,79,77,77,408000,77
2009-09-24,79,82,79,80,354000,80
2009-09-18,81,82,76,82,533000,82
2009-09-17,79,81,78,81,527000,81
2009-09-16,80,82,78,78,1246000,78
2009-09-15,81,81,79,80,526000,80
2009-09-14,83,83,80,81,447000,81
2009-09-11,86,86,83,83,495000,83
2009-09-10,83,86,83,86,903000,86
2009-09-09,84,84,82,84,333000,84
2009-09-08,82,84,81,84,711000,84
2009-09-07,85,86,83,85,667000,85
2009-09-04,87,88,84,87,609000,87
2009-09-03,89,90,88,88,286000,88
2009-09-02,90,91,89,91,337000,91
2009-09-01,93,93,91,91,368000,91
2009-08-31,93,94,92,92,343000,92
2009-08-28,94,94,93,93,126000,93
2009-08-27,95,95,92,95,751000,95
2009-08-26,94,95,93,95,386000,95
2009-08-25,95,96,93,95,471000,95
2009-08-24,95,97,94,95,361000,95
2009-08-21,95,95,93,94,231000,94
2009-08-20,94,96,94,94,378000,94
2009-08-19,95,95,94,95,234000,95
2009-08-18,94,95,93,93,336000,93
2009-08-17,98,98,94,94,301000,94
2009-08-14,99,100,97,98,281000,98
2009-08-13,97,99,97,98,442000,98
2009-08-12,97,97,95,95,163000,95
2009-08-11,98,98,96,96,228000,96
2009-08-10,95,96,94,95,204000,95
2009-08-07,94,95,92,95,344000,95
2009-08-06,94,95,93,93,118000,93
2009-08-05,94,95,93,94,150000,94
2009-08-04,93,96,93,94,314000,94
2009-08-03,92,94,92,93,185000,93
2009-07-31,92,93,91,92,130000,92
2009-07-30,92,93,91,91,247000,91
2009-07-29,94,94,92,92,325000,92
2009-07-28,97,97,94,94,167000,94
2009-07-27,98,98,96,96,346000,96
2009-07-24,97,99,96,99,539000,99
2009-07-23,98,98,97,97,261000,97
2009-07-22,95,100,95,98,630000,98
2009-07-21,94,96,94,94,238000,94
2009-07-17,93,94,93,93,76000,93
2009-07-16,95,96,93,93,171000,93
2009-07-15,94,96,92,92,214000,92
2009-07-14,94,95,93,94,242000,94
2009-07-13,99,99,93,94,488000,94
2009-07-10,97,99,97,98,262000,98
2009-07-09,96,99,96,96,260000,96
2009-07-08,99,99,95,97,442000,97
2009-07-07,102,102,99,100,364000,100
2009-07-06,103,104,100,102,349000,102
2009-07-03,105,105,103,103,369000,103
2009-07-02,106,107,105,106,391000,106
2009-07-01,108,109,106,106,437000,106
2009-06-30,108,110,106,110,428000,110
2009-06-29,109,110,106,107,413000,107
2009-06-26,108,109,106,108,455000,108
2009-06-25,110,110,107,108,668000,108
2009-06-24,107,108,105,108,330000,108
2009-06-23,108,108,105,106,584000,106
2009-06-22,107,112,107,108,1442000,108
2009-06-19,114,118,108,110,2119000,110
2009-06-18,115,117,111,112,2667000,112
2009-06-17,103,115,103,112,1648000,112
2009-06-16,108,112,106,106,859000,106
2009-06-15,107,112,107,109,1374000,109
2009-06-12,107,111,105,106,2838000,106
2009-06-11,105,107,104,107,1513000,107
2009-06-10,104,105,102,104,1027000,104
2009-06-09,105,105,101,104,953000,104
2009-06-08,101,107,101,105,1129000,105
2009-06-05,102,103,100,100,883000,100
2009-06-04,99,103,99,102,1203000,102
2009-06-03,101,101,98,99,617000,99
2009-06-02,100,102,99,101,743000,101
2009-06-01,97,100,96,98,780000,98
2009-05-29,99,99,97,97,266000,97
2009-05-28,99,100,98,99,425000,99
2009-05-27,100,101,99,99,505000,99
2009-05-26,101,101,99,100,306000,100
2009-05-25,98,101,98,99,694000,99
2009-05-22,100,101,99,100,551000,100
2009-05-21,101,101,99,101,385000,101
2009-05-20,102,104,101,101,603000,101
2009-05-19,103,103,100,102,293000,102
2009-05-18,103,104,100,101,422000,101
2009-05-15,99,105,99,105,562000,105
2009-05-14,100,101,99,99,222000,99
2009-05-13,102,102,99,100,292000,100
2009-05-12,100,102,100,102,108000,102
2009-05-11,102,102,100,102,288000,102
2009-05-08,101,103,101,102,221000,102
2009-05-07,103,105,101,101,551000,101
2009-05-01,103,103,100,101,199000,101
2009-04-30,99,103,99,103,351000,103
2009-04-28,100,102,98,98,445000,98
2009-04-27,104,106,102,102,512000,102
2009-04-24,105,108,103,104,1917000,104
2009-04-23,103,103,98,100,568000,100
2009-04-22,102,106,100,102,1823000,102
2009-04-21,97,101,97,101,300000,101
2009-04-20,101,101,99,100,427000,100
2009-04-17,99,105,99,102,2833000,102
2009-04-16,97,100,96,97,384000,97
2009-04-15,97,97,94,96,235000,96
2009-04-14,98,99,95,97,417000,97
2009-04-13,98,100,97,99,538000,99
2009-04-10,99,100,95,97,651000,97
2009-04-09,95,97,92,97,812000,97
2009-04-08,94,97,93,93,822000,93
2009-04-07,93,97,92,93,582000,93
2009-04-06,94,95,92,93,383000,93
2009-04-03,94,94,90,93,226000,93
2009-04-02,91,94,89,92,617000,92
2009-04-01,85,90,85,89,255000,89
2009-03-31,85,89,83,83,305000,83
2009-03-30,89,90,86,86,195000,86
2009-03-27,91,91,89,89,251000,89
2009-03-26,90,91,89,90,163000,90
2009-03-25,91,91,88,90,322000,90
2009-03-24,88,91,86,90,505000,90
2009-03-23,84,86,83,86,178000,86
2009-03-19,83,84,82,83,140000,83
2009-03-18,83,85,82,82,260000,82
2009-03-17,84,85,82,84,498000,84
2009-03-16,80,82,80,82,185000,82
2009-03-13,80,80,78,79,265000,79
2009-03-12,79,79,77,77,100000,77
2009-03-11,77,82,76,80,611000,80
2009-03-10,75,75,73,74,449000,74
2009-03-09,78,78,75,77,305000,77
2009-03-06,79,80,78,78,179000,78
2009-03-05,85,85,80,80,499000,80
2009-03-04,80,84,80,84,310000,84
2009-03-03,78,82,76,82,324000,82
2009-03-02,80,82,79,79,336000,79
2009-02-27,80,82,77,82,565000,82
2009-02-26,79,81,79,81,264000,81
2009-02-25,80,81,76,80,599000,80
2009-02-24,70,80,69,77,666000,77
2009-02-23,71,72,70,72,223000,72
2009-02-20,73,75,71,74,781000,74
2009-02-19,76,76,73,76,297000,76
2009-02-18,78,82,70,77,1659000,77
2009-02-17,80,80,78,79,333000,79
2009-02-16,82,82,80,82,395000,82
2009-02-13,83,85,80,81,376000,81
2009-02-12,81,83,80,82,202000,82
2009-02-10,82,85,81,84,679000,84
2009-02-09,86,86,81,81,313000,81
2009-02-06,86,86,85,86,149000,86
2009-02-05,89,89,86,86,209000,86
2009-02-04,88,89,87,88,146000,88
2009-02-03,86,89,86,88,224000,88
2009-02-02,87,88,86,87,317000,87
2009-01-30,88,89,87,89,262000,89
2009-01-29,89,91,88,91,390000,91
2009-01-28,86,89,83,89,369000,89
2009-01-27,82,86,81,86,398000,86
2009-01-26,86,86,81,82,411000,82
2009-01-23,89,89,86,86,493000,86
2009-01-22,90,90,87,89,372000,89
2009-01-21,87,90,87,89,507000,89
2009-01-20,90,91,90,90,302000,90
2009-01-19,92,92,91,92,314000,92
2009-01-16,94,94,91,93,529000,93
2009-01-15,91,95,90,93,1142000,93
2009-01-14,90,94,89,94,802000,94
2009-01-13,88,91,87,90,818000,90
2009-01-09,93,93,88,91,1981000,91
2009-01-08,96,98,91,93,2014000,93
2009-01-07,105,106,93,96,8286000,96
2009-01-06,97,102,97,101,2165000,101
2009-01-05,99,100,96,96,190000,96
2008-12-30,95,98,93,98,212000,98
2008-12-29,95,95,91,95,169000,95
2008-12-26,93,97,93,94,516000,94
2008-12-25,94,95,91,94,316000,94
2008-12-24,87,89,86,89,332000,89
2008-12-22,90,91,88,89,227000,89
2008-12-19,91,92,90,91,387000,91
2008-12-18,93,93,91,92,168000,92
2008-12-17,92,95,91,94,333000,94
2008-12-16,91,93,91,92,145000,92
2008-12-15,92,95,92,93,196000,93
2008-12-12,95,95,89,90,370000,90
2008-12-11,96,96,94,96,247000,96
2008-12-10,95,96,93,96,241000,96
2008-12-09,96,96,94,96,128000,96
2008-12-08,97,97,94,97,258000,97
2008-12-05,92,95,92,95,265000,95
2008-12-04,92,95,91,95,205000,95
2008-12-03,92,92,91,92,159000,92
2008-12-02,93,94,91,91,196000,91
2008-12-01,98,98,94,96,101000,96
2008-11-28,98,99,94,99,151000,99
2008-11-27,99,100,96,99,274000,99
2008-11-26,97,98,97,98,65000,98
2008-11-25,101,101,97,99,346000,99
2008-11-21,88,97,87,97,213000,97
2008-11-20,96,96,92,92,148000,92
2008-11-19,97,97,95,97,129000,97
2008-11-18,98,98,96,97,104000,97
2008-11-17,99,101,98,99,158000,99
2008-11-14,106,106,100,100,185000,100
2008-11-13,98,103,98,102,196000,102
2008-11-12,101,101,100,100,70000,100
2008-11-11,103,103,101,103,113000,103
2008-11-10,103,105,103,103,202000,103
2008-11-07,94,104,94,103,271000,103
2008-11-06,105,105,104,104,134000,104
2008-11-05,108,108,106,108,302000,108
2008-11-04,105,105,103,105,113000,105
2008-10-31,100,104,98,103,267000,103
2008-10-30,94,100,91,100,399000,100
2008-10-29,93,94,89,92,235000,92
2008-10-28,84,88,83,87,242000,87
2008-10-27,88,89,84,85,214000,85
2008-10-24,94,94,87,90,317000,90
2008-10-23,87,90,85,90,242000,90
2008-10-22,94,94,89,90,101000,90
2008-10-21,95,96,92,93,250000,93
2008-10-20,94,94,91,94,180000,94
2008-10-17,90,93,89,91,135000,91
2008-10-16,91,91,87,88,237000,88
2008-10-15,92,98,92,94,230000,94
2008-10-14,98,99,93,95,258000,95
2008-10-10,77,84,77,83,338000,83
2008-10-09,80,88,80,83,249000,83
2008-10-08,83,88,80,80,202000,80
2008-10-07,79,90,78,88,433000,88
2008-10-06,94,97,80,85,671000,85
2008-10-03,100,105,94,100,283000,100
2008-10-02,108,109,100,100,256000,100
2008-10-01,113,113,109,110,97000,110
2008-09-30,109,112,102,112,245000,112
2008-09-29,112,114,110,113,126000,113
2008-09-26,115,115,111,113,213000,113
2008-09-25,116,116,113,115,234000,115
2008-09-24,110,115,110,115,179000,115
2008-09-22,112,113,109,112,167000,112
2008-09-19,107,110,106,110,221000,110
2008-09-18,103,107,102,104,295000,104
2008-09-17,108,109,104,107,188000,107
2008-09-16,107,110,105,107,212000,107
2008-09-12,108,112,107,112,235000,112
2008-09-11,108,109,106,107,194000,107
2008-09-10,106,111,106,110,216000,110
2008-09-09,111,111,107,107,79000,107
2008-09-08,106,110,106,110,110000,110
2008-09-05,107,108,105,105,191000,105
2008-09-04,111,112,108,111,202000,111
2008-09-03,115,115,111,113,189000,113
2008-09-02,113,115,112,114,115000,114
2008-09-01,115,115,111,114,108000,114
2008-08-29,113,115,113,115,271000,115
2008-08-28,111,113,110,113,97000,113
2008-08-27,112,113,110,112,88000,112
2008-08-26,109,113,108,113,123000,113
2008-08-25,111,111,109,111,201000,111
2008-08-22,107,108,106,108,145000,108
2008-08-21,108,108,106,108,224000,108
2008-08-20,106,108,106,108,108000,108
2008-08-19,108,109,106,108,142000,108
2008-08-18,108,113,107,111,299000,111
2008-08-15,103,107,103,107,159000,107
2008-08-14,108,108,102,106,295000,106
2008-08-13,110,110,106,109,177000,109
2008-08-12,113,113,110,111,107000,111
2008-08-11,116,116,114,115,116000,115
2008-08-08,110,115,110,115,287000,115
2008-08-07,109,111,106,111,220000,111
2008-08-06,109,110,108,110,136000,110
2008-08-05,107,111,104,107,210000,107
2008-08-04,113,113,109,109,127000,109
2008-08-01,116,117,112,115,205000,115
2008-07-31,118,119,115,117,139000,117
2008-07-30,116,117,115,117,168000,117
2008-07-29,115,115,114,114,157000,114
2008-07-28,118,119,116,116,95000,116
2008-07-25,119,120,117,118,137000,118
2008-07-24,118,120,117,120,211000,120
2008-07-23,118,120,115,115,330000,115
2008-07-22,118,119,116,118,108000,118
2008-07-18,123,123,116,118,128000,118
2008-07-17,121,122,119,119,106000,119
2008-07-16,118,120,116,117,101000,117
2008-07-15,122,125,118,118,190000,118
2008-07-14,118,123,117,120,152000,120
2008-07-11,121,121,118,119,116000,119
2008-07-10,116,120,116,119,162000,119
2008-07-09,120,121,118,118,126000,118
2008-07-08,125,126,119,119,234000,119
2008-07-07,126,127,124,127,142000,127
2008-07-04,128,129,126,127,308000,127
2008-07-03,125,126,121,126,227000,126
2008-07-02,124,126,124,125,339000,125
2008-07-01,127,127,124,124,323000,124
2008-06-30,125,129,123,128,315000,128
2008-06-27,127,128,124,126,306000,126
2008-06-26,130,132,128,130,269000,130
2008-06-25,132,132,129,131,333000,131
2008-06-24,129,133,129,132,273000,132
2008-06-23,128,130,127,129,221000,129
2008-06-20,132,134,130,130,374000,130
2008-06-19,135,135,129,130,349000,130
2008-06-18,134,136,133,135,245000,135
2008-06-17,133,136,133,134,256000,134
2008-06-16,133,134,130,133,248000,133
2008-06-13,132,133,130,131,426000,131
2008-06-12,128,135,128,132,616000,132
2008-06-11,131,131,127,130,466000,130
2008-06-10,134,134,130,130,527000,130
2008-06-09,129,135,129,132,593000,132
2008-06-06,140,142,135,136,1839000,136
2008-06-05,127,134,125,132,2215000,132
2008-06-04,121,126,118,126,1509000,126
2008-06-03,121,121,119,119,502000,119
2008-06-02,124,126,122,122,1130000,122
2008-05-30,127,127,124,125,490000,125
2008-05-29,123,127,123,126,745000,126
2008-05-28,125,126,123,124,439000,124
2008-05-27,124,125,122,123,432000,123
2008-05-26,124,128,124,124,2031000,124
2008-05-23,118,125,117,122,2262000,122
2008-05-22,112,115,111,115,331000,115
2008-05-21,113,114,111,113,539000,113
2008-05-20,114,116,112,115,697000,115
2008-05-19,109,113,109,112,632000,112
2008-05-16,113,113,108,108,955000,108
2008-05-15,111,115,109,112,1295000,112
2008-05-14,106,109,105,109,720000,109
2008-05-13,104,105,103,105,393000,105
2008-05-12,104,104,102,104,390000,104
2008-05-09,104,107,103,103,710000,103
2008-05-08,103,105,102,104,502000,104
2008-05-07,103,105,102,102,704000,102
2008-05-02,105,106,103,104,473000,104
2008-05-01,105,107,104,104,621000,104
2008-04-30,102,106,101,104,643000,104
2008-04-28,105,105,101,103,954000,103
2008-04-25,106,107,103,104,1326000,104
2008-04-24,116,117,105,107,7648000,107
2008-04-23,101,101,99,101,236000,101
2008-04-22,100,102,100,102,590000,102
2008-04-21,100,102,100,101,131000,101
2008-04-18,99,100,98,100,69000,100
2008-04-17,100,100,98,99,252000,99
2008-04-16,100,100,98,99,216000,99
2008-04-15,98,100,96,100,272000,100
2008-04-14,100,100,98,98,226000,98
2008-04-11,101,102,99,102,187000,102
2008-04-10,100,104,98,99,201000,99
2008-04-09,104,105,100,101,287000,101
2008-04-08,104,105,103,103,120000,103
2008-04-07,107,107,104,104,145000,104
2008-04-04,105,111,105,108,439000,108
2008-04-03,106,106,104,105,183000,105
2008-04-02,107,107,105,106,113000,106
2008-04-01,106,106,104,106,118000,106
2008-03-31,105,106,102,106,88000,106
2008-03-28,105,106,104,106,157000,106
2008-03-27,105,106,104,106,96000,106
2008-03-26,108,108,105,106,104000,106
2008-03-25,108,108,102,107,198000,107
2008-03-24,102,104,101,103,139000,103
2008-03-21,100,102,99,102,64000,102
2008-03-19,102,103,99,101,136000,101
2008-03-18,95,98,94,98,136000,98
2008-03-17,96,96,95,96,172000,96
2008-03-14,97,99,97,99,311000,99
2008-03-13,101,101,98,99,143000,99
2008-03-12,101,102,99,100,177000,100
2008-03-11,98,101,98,100,318000,100
2008-03-10,102,103,100,101,167000,101
2008-03-07,103,104,102,103,91000,103
2008-03-06,103,104,102,104,100000,104
2008-03-05,103,104,102,104,115000,104
2008-03-04,103,105,103,104,176000,104
2008-03-03,104,104,103,103,117000,103
2008-02-29,106,108,104,107,250000,107
2008-02-28,107,108,106,108,144000,108
2008-02-27,108,109,107,108,115000,108
2008-02-26,110,111,105,106,206000,106
2008-02-25,110,111,108,109,338000,109
2008-02-22,106,106,105,106,187000,106
2008-02-21,108,108,105,107,288000,107
2008-02-20,110,110,107,107,119000,107
2008-02-19,109,111,109,109,65000,109
2008-02-18,113,113,109,109,124000,109
2008-02-15,110,112,109,111,146000,111
2008-02-14,109,112,109,111,108000,111
2008-02-13,111,111,107,107,145000,107
2008-02-12,111,111,109,111,108000,111
2008-02-08,107,109,107,109,123000,109
2008-02-07,108,108,106,107,81000,107
2008-02-06,110,110,107,107,143000,107
2008-02-05,115,115,111,112,123000,112
2008-02-04,115,115,112,114,112000,114
2008-02-01,114,115,112,113,147000,113
2008-01-31,108,113,108,111,231000,111
2008-01-30,112,112,108,108,254000,108
2008-01-29,108,111,108,111,71000,111
2008-01-28,109,110,106,107,103000,107
2008-01-25,110,110,104,109,336000,109
2008-01-24,103,105,100,105,282000,105
2008-01-23,100,106,99,100,258000,100
2008-01-22,99,100,97,98,256000,98
2008-01-21,105,105,101,101,276000,101
2008-01-18,100,106,99,105,497000,105
2008-01-17,101,106,98,106,421000,106
2008-01-16,107,110,102,103,541000,103
2008-01-15,113,114,110,112,545000,112
2008-01-11,120,122,112,115,1216000,115
2008-01-10,113,119,112,118,522000,118
2008-01-09,113,116,108,112,557000,112
2008-01-08,114,118,112,115,206000,115
2008-01-07,111,116,110,115,294000,115
2008-01-04,118,118,110,111,301000,111
2007-12-28,120,121,118,120,225000,120
2007-12-27,122,123,120,123,340000,123
2007-12-26,123,125,120,120,428000,120
2007-12-25,119,120,115,116,255000,116
2007-12-21,115,119,115,119,408000,119
2007-12-20,120,120,112,114,364000,114
2007-12-19,123,123,120,121,257000,121
2007-12-18,120,123,120,123,391000,123
2007-12-17,129,130,123,123,297000,123
2007-12-14,132,132,129,130,429000,130
2007-12-13,130,131,128,128,200000,128
2007-12-12,130,132,129,131,317000,131
2007-12-11,132,132,129,130,212000,130
2007-12-10,132,133,130,132,187000,132
2007-12-07,132,133,131,131,256000,131
2007-12-06,135,135,130,132,326000,132
2007-12-05,130,134,128,133,260000,133
2007-12-04,133,133,129,129,381000,129
2007-12-03,139,145,132,132,430000,132
2007-11-30,134,137,132,137,260000,137
2007-11-29,135,135,133,135,274000,135
2007-11-28,135,135,132,135,160000,135
2007-11-27,131,135,129,135,243000,135
2007-11-26,135,136,134,136,99000,136
2007-11-22,139,139,134,136,238000,136
2007-11-21,132,136,132,134,191000,134
2007-11-20,133,137,128,132,213000,132
2007-11-19,138,139,134,136,96000,136
2007-11-16,142,142,139,140,77000,140
2007-11-15,143,143,141,142,92000,142
2007-11-14,141,141,138,140,233000,140
2007-11-13,133,138,132,138,162000,138
2007-11-12,135,137,133,136,209000,136
2007-11-09,144,144,140,140,183000,140
2007-11-08,142,144,141,142,224000,142
2007-11-07,152,154,145,145,381000,145
2007-11-06,145,147,143,145,163000,145
2007-11-05,145,148,145,145,264000,145
2007-11-02,151,152,150,150,172000,150
2007-11-01,153,154,150,154,294000,154
2007-10-31,157,157,151,151,484000,151
2007-10-30,154,159,151,157,487000,157
2007-10-29,157,157,153,153,212000,153
2007-10-26,157,158,154,156,371000,156
2007-10-25,168,171,162,162,202000,162
2007-10-24,163,165,162,164,125000,164
2007-10-23,163,166,163,163,119000,163
2007-10-22,162,165,160,162,274000,162
2007-10-19,169,169,166,166,209000,166
2007-10-18,168,171,167,169,204000,169
2007-10-17,173,173,168,170,456000,170
2007-10-16,178,179,170,175,848000,175
2007-10-15,180,181,178,180,115000,180
2007-10-12,182,182,179,179,178000,179
2007-10-11,180,182,177,182,302000,182
2007-10-10,178,179,177,178,98000,178
2007-10-09,176,180,176,178,142000,178
2007-10-05,178,180,176,176,225000,176
2007-10-04,176,180,176,178,91000,178
2007-10-03,176,179,176,179,75000,179
2007-10-02,179,179,176,177,127000,177
2007-10-01,178,180,174,176,240000,176
2007-09-28,181,182,178,180,340000,180
2007-09-27,182,182,177,181,588000,181
2007-09-26,172,184,171,179,397000,179
2007-09-25,172,172,168,172,258000,172
2007-09-21,168,169,165,169,230000,169
2007-09-20,171,171,169,170,196000,170
2007-09-19,168,172,168,170,252000,170
2007-09-18,173,173,166,167,691000,167
2007-09-14,172,175,170,174,557000,174
2007-09-13,175,175,170,174,415000,174
2007-09-12,169,178,167,177,1015000,177
2007-09-11,170,170,165,169,336000,169
2007-09-10,170,170,164,169,644000,169
2007-09-07,170,172,169,172,182000,172
2007-09-06,168,170,168,170,236000,170
2007-09-05,173,174,169,173,574000,173
2007-09-04,168,175,165,174,758000,174
2007-09-03,167,169,164,168,287000,168
2007-08-31,165,168,164,168,396000,168
2007-08-30,159,168,159,166,845000,166
2007-08-29,156,159,156,159,278000,159
2007-08-28,158,160,158,160,82000,160
2007-08-27,158,160,157,158,197000,158
2007-08-24,157,158,155,158,262000,158
2007-08-23,155,157,153,157,190000,157
2007-08-22,150,154,150,154,152000,154
2007-08-21,150,153,149,152,123000,152
2007-08-20,152,153,148,152,266000,152
2007-08-17,155,156,149,153,313000,153
2007-08-16,153,156,151,155,314000,155
2007-08-15,156,157,153,156,345000,156
2007-08-14,159,159,156,159,213000,159
2007-08-13,153,159,153,159,265000,159
2007-08-10,156,156,153,154,351000,154
2007-08-09,152,162,152,157,708000,157
2007-08-08,151,153,149,151,181000,151
2007-08-07,156,156,152,153,114000,153
2007-08-06,152,156,152,156,133000,156
2007-08-03,152,154,152,154,58000,154
2007-08-02,153,155,152,153,106000,153
2007-08-01,157,157,153,153,149000,153
2007-07-31,152,158,151,158,212000,158
2007-07-30,147,153,147,153,110000,153
2007-07-27,148,152,148,152,245000,152
2007-07-26,155,156,152,152,232000,152
2007-07-25,156,157,155,157,152000,157
2007-07-24,155,158,155,158,232000,158
2007-07-23,157,157,155,157,148000,157
2007-07-20,157,158,153,158,470000,158
2007-07-19,159,159,156,157,225000,157
2007-07-18,160,162,156,158,387000,158
2007-07-17,166,167,159,161,1611000,161
2007-07-13,157,157,155,156,88000,156
2007-07-12,156,157,152,154,370000,154
2007-07-11,158,158,156,156,305000,156
2007-07-10,159,160,157,160,135000,160
2007-07-09,159,159,157,158,101000,158
2007-07-06,159,159,158,158,78000,158
2007-07-05,158,160,158,159,156000,159
2007-07-04,160,160,158,159,179000,159
2007-07-03,161,161,158,160,176000,160
2007-07-02,159,162,159,161,186000,161
2007-06-29,159,161,158,160,338000,160
2007-06-28,157,159,157,159,199000,159
2007-06-27,159,159,155,158,302000,158
2007-06-26,159,159,156,159,329000,159
2007-06-25,159,161,157,159,463000,159
2007-06-22,161,161,158,160,220000,160
2007-06-21,160,161,159,161,468000,161
2007-06-20,163,163,160,160,280000,160
2007-06-19,163,163,161,161,317000,161
2007-06-18,164,165,162,163,593000,163
2007-06-15,164,165,160,163,981000,163
2007-06-14,159,177,159,163,6829000,163
2007-06-13,155,159,155,159,227000,159
2007-06-12,161,161,157,159,253000,159
2007-06-11,163,165,161,161,231000,161
2007-06-08,162,163,158,161,470000,161
2007-06-07,160,163,160,163,424000,163
2007-06-06,154,165,154,165,735000,165
2007-06-05,155,156,153,155,215000,155
2007-06-04,154,155,153,155,163000,155
2007-06-01,152,153,152,152,120000,152
2007-05-31,149,153,148,153,206000,153
2007-05-30,150,151,147,148,120000,148
2007-05-29,150,151,150,150,65000,150
2007-05-28,150,151,150,150,65000,150
2007-05-25,153,153,151,151,145000,151
2007-05-24,152,154,152,152,169000,152
2007-05-23,154,155,152,152,344000,152
2007-05-22,149,153,147,153,246000,153
2007-05-21,144,149,144,149,225000,149
2007-05-18,148,149,144,147,396000,147
2007-05-17,150,150,148,149,117000,149
2007-05-16,151,151,148,149,227000,149
2007-05-15,155,155,152,152,249000,152
2007-05-14,156,157,155,156,295000,156
2007-05-11,157,158,155,156,380000,156
2007-05-10,156,162,156,160,542000,160
2007-05-09,155,157,155,157,198000,157
2007-05-08,155,155,154,154,90000,154
2007-05-07,154,155,151,154,252000,154
2007-05-02,151,154,150,152,141000,152
2007-05-01,154,155,150,151,174000,151
2007-04-27,150,153,150,153,351000,153
2007-04-26,149,151,149,150,197000,150
2007-04-25,151,151,148,148,258000,148
2007-04-24,148,150,147,150,347000,150
2007-04-23,151,152,145,145,367000,145
2007-04-20,151,152,150,151,199000,151
2007-04-19,154,155,151,152,136000,152
2007-04-18,154,155,153,155,137000,155
2007-04-17,154,155,153,153,275000,153
2007-04-16,153,156,153,154,189000,154
2007-04-13,155,156,152,154,261000,154
2007-04-12,157,157,151,156,398000,156
2007-04-11,160,160,157,157,305000,157
2007-04-10,158,158,155,158,343000,158
2007-04-09,152,160,151,158,623000,158
2007-04-06,152,154,151,152,328000,152
2007-04-05,148,153,148,151,275000,151
2007-04-04,150,156,148,152,577000,152
2007-04-03,147,149,147,148,431000,148
2007-04-02,147,148,145,146,379000,146
2007-03-30,146,147,144,146,276000,146
2007-03-29,144,145,140,145,600000,145
2007-03-28,144,146,143,144,315000,144
2007-03-27,145,147,144,145,185000,145
2007-03-26,149,149,146,146,181000,146
2007-03-23,149,149,144,148,863000,148
2007-03-22,146,149,145,148,742000,148
2007-03-20,152,152,150,150,218000,150
2007-03-19,153,153,151,151,157000,151
2007-03-16,155,155,151,153,347000,153
2007-03-15,155,155,153,154,339000,154
2007-03-14,157,157,152,154,657000,154
2007-03-13,160,161,158,158,246000,158
2007-03-12,158,160,158,159,149000,159
2007-03-09,159,160,156,156,462000,156
2007-03-08,156,159,156,159,178000,159
2007-03-07,159,159,156,156,215000,156
2007-03-06,152,160,152,159,285000,159
2007-03-05,160,162,153,154,558000,154
2007-03-02,159,163,159,163,601000,163
2007-03-01,162,163,159,161,788000,161
2007-02-28,149,162,149,162,706000,162
2007-02-27,174,174,166,169,394000,169
2007-02-26,176,177,172,175,1158000,175
2007-02-23,165,175,162,168,2603000,168
2007-02-22,155,161,155,160,788000,160
2007-02-21,154,155,154,155,136000,155
2007-02-20,155,155,153,154,154000,154
2007-02-19,155,155,153,155,66000,155
2007-02-16,155,155,153,154,187000,154
2007-02-15,156,156,154,155,151000,155
2007-02-14,155,156,155,155,180000,155
2007-02-13,157,157,155,155,118000,155
2007-02-09,154,155,153,155,185000,155
2007-02-08,157,157,152,154,344000,154
2007-02-07,156,158,155,156,288000,156
2007-02-06,155,157,154,156,402000,156
2007-02-05,156,156,154,155,406000,155
2007-02-02,154,156,154,154,169000,154
2007-02-01,152,156,152,155,304000,155
2007-01-31,156,156,153,153,893000,153
2007-01-30,157,159,154,155,404000,155
2007-01-29,154,156,153,155,215000,155
2007-01-26,154,156,153,156,210000,156
2007-01-25,160,160,154,155,596000,155
2007-01-24,157,159,157,158,334000,158
2007-01-23,157,159,157,158,392000,158
2007-01-22,162,162,158,159,365000,159
2007-01-19,160,162,159,161,638000,161
2007-01-18,159,161,159,159,427000,159
2007-01-17,159,161,157,159,531000,159
2007-01-16,156,159,156,159,445000,159
2007-01-15,159,159,156,157,282000,157
2007-01-12,160,160,158,159,178000,159
2007-01-11,158,163,156,160,1535000,160
2007-01-10,158,158,156,156,288000,156
2007-01-09,155,159,155,158,341000,158
2007-01-05,157,159,156,157,321000,157
2007-01-04,159,160,158,159,184000,159
2006-12-29,158,160,157,160,550000,160
2006-12-28,160,160,158,160,546000,160
2006-12-27,160,162,158,161,1214000,161
2006-12-26,156,161,155,161,2505000,161
2006-12-25,153,157,151,157,1980000,157
2006-12-22,144,150,144,150,1000000,150
2006-12-21,146,147,144,145,357000,145
2006-12-20,144,148,144,148,572000,148
2006-12-19,143,147,142,147,515000,147
2006-12-18,142,147,142,146,675000,146
2006-12-15,141,143,140,140,602000,140
2006-12-14,141,143,140,143,615000,143
2006-12-13,145,145,142,143,634000,143
2006-12-12,148,148,145,146,641000,146
2006-12-11,147,149,147,149,433000,149
2006-12-08,148,149,146,149,484000,149
2006-12-07,150,151,148,149,324000,149
2006-12-06,152,152,149,149,543000,149
2006-12-05,151,151,149,151,293000,151
2006-12-04,150,153,148,153,516000,153
2006-12-01,153,154,151,152,502000,152
2006-11-30,155,158,153,157,1411000,157
2006-11-29,143,156,143,154,1066000,154
2006-11-28,140,142,139,142,390000,142
2006-11-27,137,142,137,141,445000,141
2006-11-24,142,143,134,142,858000,142
2006-11-22,133,142,130,142,1329000,142
2006-11-21,142,145,136,136,814000,136
2006-11-20,153,153,143,145,776000,145
2006-11-17,154,155,147,151,1202000,151
2006-11-16,163,163,155,159,918000,159
2006-11-15,169,169,163,165,456000,165
2006-11-14,166,172,166,169,1081000,169
2006-11-13,171,173,165,165,756000,165
2006-11-10,173,176,173,176,618000,176
2006-11-09,178,179,175,176,315000,176
2006-11-08,184,185,179,180,595000,180
2006-11-07,185,188,181,188,742000,188
2006-11-06,183,186,183,184,297000,184
2006-11-02,186,187,184,186,447000,186
2006-11-01,191,191,187,189,476000,189
2006-10-31,187,193,186,192,741000,192
2006-10-30,185,190,181,189,748000,189
2006-10-27,188,188,182,184,677000,184
2006-10-26,193,193,183,186,1311000,186
2006-10-25,200,203,192,192,3526000,192
2006-10-24,219,219,215,215,354000,215
2006-10-23,212,216,211,216,172000,216
2006-10-20,210,211,209,211,132000,211
2006-10-19,210,212,209,211,218000,211
2006-10-18,211,211,209,211,110000,211
2006-10-17,215,215,211,212,164000,212
2006-10-16,213,217,213,215,265000,215
2006-10-13,212,212,209,212,246000,212
2006-10-12,208,212,206,210,293000,210
2006-10-11,216,216,207,213,335000,213
2006-10-10,217,217,214,216,205000,216
2006-10-06,223,223,218,219,188000,219
2006-10-05,220,224,217,222,258000,222
2006-10-04,223,223,219,220,159000,220
2006-10-03,225,225,221,223,155000,223
2006-10-02,230,230,226,226,161000,226
2006-09-29,225,230,224,230,687000,230
2006-09-28,218,225,216,224,371000,224
2006-09-27,212,218,212,218,151000,218
2006-09-26,212,213,210,213,183000,213
2006-09-25,213,213,209,213,194000,213
2006-09-22,209,212,209,212,117000,212
2006-09-21,209,210,209,210,124000,210
2006-09-20,211,211,207,210,150000,210
2006-09-19,211,212,210,212,115000,212
2006-09-15,208,211,206,211,158000,211
2006-09-14,208,210,207,210,214000,210
2006-09-13,215,216,210,210,202000,210
2006-09-12,215,217,213,215,213000,215
2006-09-11,219,219,216,216,188000,216
2006-09-08,216,220,215,220,478000,220
2006-09-07,215,218,215,218,267000,218
2006-09-06,223,224,221,222,283000,222
2006-09-05,225,226,224,225,134000,225
2006-09-04,225,228,224,226,161000,226
2006-09-01,222,224,219,224,225000,224
2006-08-31,217,225,215,225,445000,225
2006-08-30,213,216,212,216,179000,216
2006-08-29,211,213,210,213,91000,213
2006-08-28,214,214,204,209,863000,209
2006-08-25,215,215,213,214,121000,214
2006-08-24,215,215,214,214,203000,214
2006-08-23,215,218,215,218,76000,218
2006-08-22,216,218,214,217,126000,217
2006-08-21,219,219,214,216,239000,216
2006-08-18,219,219,216,219,231000,219
2006-08-17,220,222,217,218,389000,218
2006-08-16,208,220,207,219,580000,219
2006-08-15,207,207,204,206,242000,206
2006-08-14,200,210,200,208,179000,208
2006-08-11,204,205,203,203,229000,203
2006-08-10,202,204,200,204,252000,204
2006-08-09,198,203,198,203,257000,203
2006-08-08,197,199,194,198,173000,198
2006-08-07,200,200,191,197,335000,197
2006-08-04,196,200,196,200,188000,200
2006-08-03,193,205,193,198,258000,198
2006-08-02,188,195,188,195,187000,195
2006-08-01,191,195,191,193,130000,193
2006-07-31,188,196,186,195,378000,195
2006-07-28,182,187,177,187,555000,187
2006-07-27,182,187,176,187,328000,187
2006-07-26,182,185,178,181,133000,181
2006-07-25,189,189,180,182,237000,182
2006-07-24,177,180,177,179,154000,179
2006-07-21,177,181,177,181,241000,181
2006-07-20,178,182,176,182,371000,182
2006-07-19,175,180,172,173,479000,173
2006-07-18,186,186,175,177,394000,177
2006-07-14,192,194,188,189,244000,189
2006-07-13,186,196,186,192,463000,192
2006-07-12,196,197,186,191,292000,191
2006-07-11,199,199,196,197,167000,197
2006-07-10,196,198,194,198,163000,198
2006-07-07,200,200,197,198,237000,198
2006-07-06,201,202,199,200,342000,200
2006-07-05,203,204,201,202,332000,202
2006-07-04,201,204,201,204,438000,204
2006-07-03,199,202,198,199,394000,199
2006-06-30,199,199,195,197,252000,197
2006-06-29,195,197,195,196,140000,196
2006-06-28,195,197,193,196,136000,196
2006-06-27,197,198,195,198,80000,198
2006-06-26,196,197,194,196,96000,196
2006-06-23,200,200,194,196,208000,196
2006-06-22,195,199,195,199,191000,199
2006-06-21,196,199,190,193,376000,193
2006-06-20,200,200,193,197,224000,197
2006-06-19,205,205,197,200,272000,200
2006-06-16,201,204,199,202,571000,202
2006-06-15,196,198,194,198,380000,198
2006-06-14,190,198,190,195,432000,195
2006-06-13,198,200,194,194,575000,194
2006-06-12,195,204,193,203,581000,203
2006-06-09,195,203,186,195,1571000,195
2006-06-08,202,207,198,199,768000,199
2006-06-07,218,218,211,211,227000,211
2006-06-06,216,218,215,218,136000,218
2006-06-05,221,221,215,219,312000,219
2006-06-02,219,220,212,220,554000,220
2006-06-01,225,228,220,221,323000,221
2006-05-31,220,228,217,228,487000,228
2006-05-30,220,224,218,222,281000,222
2006-05-29,228,228,221,224,323000,224
2006-05-26,223,227,221,224,358000,224
2006-05-25,226,226,216,221,462000,221
2006-05-24,224,226,215,222,813000,222
2006-05-23,230,232,223,225,614000,225
2006-05-22,239,241,231,232,343000,232
2006-05-19,238,239,235,238,408000,238
2006-05-18,242,242,238,241,266000,241
2006-05-17,244,245,241,245,544000,245
2006-05-16,248,249,242,244,414000,244
2006-05-15,248,249,246,249,296000,249
2006-05-12,249,249,246,249,399000,249
2006-05-11,253,254,246,251,839000,251
2006-05-10,253,254,249,254,708000,254
2006-05-09,251,255,248,252,494000,252
2006-05-08,255,255,249,250,493000,250
2006-05-02,250,254,249,254,260000,254
2006-05-01,255,258,250,250,362000,250
2006-04-28,253,256,247,256,788000,256
2006-04-27,246,254,245,254,392000,254
2006-04-26,254,254,244,247,846000,247
2006-04-25,255,255,250,254,957000,254
2006-04-24,246,248,242,248,701000,248
2006-04-21,250,251,248,250,339000,250
2006-04-20,251,251,248,250,392000,250
2006-04-19,257,257,252,252,258000,252
2006-04-18,251,256,250,255,460000,255
2006-04-17,256,256,251,255,413000,255
2006-04-14,259,259,255,256,284000,256
2006-04-13,258,260,257,257,379000,257
2006-04-12,261,261,257,257,794000,257
2006-04-11,265,265,261,262,387000,262
2006-04-10,268,268,264,265,466000,265
2006-04-07,267,268,265,267,441000,267
2006-04-06,271,273,265,267,691000,267
2006-04-05,272,275,271,272,444000,272
2006-04-04,271,275,271,273,416000,273
2006-04-03,271,272,269,271,336000,271
2006-03-31,273,274,270,270,352000,270
2006-03-30,272,274,269,274,467000,274
2006-03-29,270,271,268,271,344000,271
2006-03-28,268,271,268,269,99000,269
2006-03-27,270,272,268,270,294000,270
2006-03-24,269,270,267,269,213000,269
2006-03-23,270,272,264,267,602000,267
2006-03-22,271,271,267,268,330000,268
2006-03-20,271,271,267,270,326000,270
2006-03-17,268,268,265,268,247000,268
2006-03-16,268,268,262,268,412000,268
2006-03-15,273,273,263,267,1225000,267
2006-03-14,278,278,269,274,669000,274
2006-03-13,282,283,275,278,524000,278
2006-03-10,277,278,265,275,1053000,275
2006-03-09,274,287,273,275,514000,275
2006-03-08,275,276,272,273,263000,273
2006-03-07,278,281,273,280,291000,280
2006-03-06,286,288,272,281,550000,281
2006-03-03,286,287,276,281,458000,281
2006-03-02,296,296,287,287,473000,287
2006-03-01,299,303,294,295,338000,295
2006-02-28,300,311,296,310,766000,310
2006-02-27,291,298,291,298,496000,298
2006-02-24,297,300,292,296,142000,296
2006-02-23,283,295,283,294,231000,294
2006-02-22,278,283,275,283,287000,283
2006-02-21,267,280,267,280,351000,280
2006-02-20,273,275,267,271,484000,271
2006-02-17,275,284,271,282,781000,282
2006-02-16,285,288,277,280,323000,280
2006-02-15,289,293,284,286,303000,286
2006-02-14,282,289,275,289,574000,289
2006-02-13,295,296,284,288,566000,288
2006-02-10,296,296,289,295,404000,295
2006-02-09,297,301,295,297,280000,297
2006-02-08,298,302,295,299,351000,299
2006-02-07,300,300,296,299,137000,299
2006-02-06,293,300,293,299,445000,299
2006-02-03,300,301,296,298,487000,298
2006-02-02,305,307,302,305,432000,305
2006-02-01,307,308,301,307,862000,307
2006-01-31,303,317,301,312,1769000,312
2006-01-30,284,307,281,303,1839000,303
2006-01-27,285,285,279,284,393000,284
2006-01-26,274,283,274,281,296000,281
2006-01-25,276,277,273,276,195000,276
2006-01-24,272,274,270,273,150000,273
2006-01-23,274,278,268,268,401000,268
2006-01-20,275,286,273,275,488000,275
2006-01-19,251,283,251,274,493000,274
2006-01-18,269,269,251,261,1000000,261
2006-01-17,280,283,270,274,736000,274
2006-01-16,278,286,278,283,639000,283
2006-01-13,273,279,273,278,315000,278
2006-01-12,270,276,269,275,430000,275
2006-01-11,273,273,266,270,374000,270
2006-01-10,278,280,272,272,362000,272
2006-01-06,269,280,268,273,1079000,273
2006-01-05,266,270,266,268,246000,268
2006-01-04,270,270,264,265,223000,265
2005-12-30,261,270,257,270,464000,270
2005-12-29,262,268,260,261,825000,261
2005-12-28,259,262,256,259,326000,259
2005-12-27,257,260,255,259,435000,259
2005-12-26,260,262,257,259,441000,259
2005-12-22,264,264,256,259,484000,259
2005-12-21,257,263,254,263,535000,263
2005-12-20,252,258,252,258,265000,258
2005-12-19,256,260,254,255,309000,255
2005-12-16,260,260,254,259,366000,259
2005-12-15,259,268,254,260,574000,260
2005-12-14,263,263,260,262,301000,262
2005-12-13,269,269,261,262,435000,262
2005-12-12,261,272,257,267,1417000,267
2005-12-09,242,265,241,264,1116000,264
2005-12-08,247,248,240,245,557000,245
2005-12-07,249,251,246,248,514000,248
2005-12-06,255,255,250,250,438000,250
2005-12-05,251,255,250,252,384000,252
2005-12-02,250,258,247,253,962000,253
2005-12-01,243,250,240,250,540000,250
2005-11-30,242,244,240,241,240000,241
2005-11-29,240,244,238,240,403000,240
2005-11-28,243,244,236,242,263000,242
2005-11-25,241,245,232,244,342000,244
2005-11-24,249,249,241,242,274000,242
2005-11-22,245,248,243,247,272000,247
2005-11-21,249,250,247,248,353000,248
2005-11-18,247,250,243,250,323000,250
2005-11-17,244,248,242,246,280000,246
2005-11-16,236,243,235,240,370000,240
2005-11-15,239,241,238,239,293000,239
2005-11-14,251,251,240,242,433000,242
2005-11-11,242,251,240,248,513000,248
2005-11-10,248,249,240,244,480000,244
2005-11-09,253,254,249,249,441000,249
2005-11-08,250,258,243,257,1043000,257
2005-11-07,246,249,245,249,312000,249
2005-11-04,248,249,242,244,553000,244
2005-11-02,245,250,235,238,1262000,238
2005-11-01,235,245,234,243,677000,243
2005-10-31,232,236,231,231,763000,231
2005-10-28,230,232,228,230,340000,230
2005-10-27,226,233,225,231,1000000,231
2005-10-26,220,226,219,226,485000,226
2005-10-25,219,220,217,218,356000,218
2005-10-24,217,218,214,217,277000,217
2005-10-21,217,218,215,217,173000,217
2005-10-20,219,220,216,219,218000,219
2005-10-19,220,221,218,219,233000,219
2005-10-18,220,223,220,221,254000,221
2005-10-17,222,224,221,222,226000,222
2005-10-14,224,224,221,222,184000,222
2005-10-13,225,226,223,225,169000,225
2005-10-12,225,228,223,226,490000,226
2005-10-11,220,225,220,225,356000,225
2005-10-07,215,221,214,220,235000,220
2005-10-06,218,221,216,217,408000,217
2005-10-05,225,225,220,223,604000,223
2005-10-04,222,226,221,224,432000,224
2005-10-03,225,225,217,221,367000,221
2005-09-30,226,228,224,224,745000,224
2005-09-29,225,226,221,224,518000,224
2005-09-28,225,225,222,224,312000,224
2005-09-27,229,229,223,225,485000,225
2005-09-26,222,231,220,226,1211000,226
2005-09-22,222,223,220,222,608000,222
2005-09-21,222,225,221,223,1426000,223
2005-09-20,219,223,217,221,1090000,221
2005-09-16,218,218,216,217,407000,217
2005-09-15,216,220,215,219,881000,219
2005-09-14,213,217,213,215,670000,215
2005-09-13,215,215,213,213,227000,213
2005-09-12,215,215,213,214,320000,214
2005-09-09,211,214,211,213,535000,213
2005-09-08,214,215,211,212,514000,212
2005-09-07,218,219,212,215,594000,215
2005-09-06,217,218,214,217,1395000,217
2005-09-05,215,217,212,216,515000,216
2005-09-02,214,215,211,215,292000,215
2005-09-01,214,215,212,214,451000,214
2005-08-31,211,213,207,213,726000,213
2005-08-30,209,213,209,213,513000,213
2005-08-29,208,213,207,208,552000,208
2005-08-26,208,208,205,207,204000,207
2005-08-25,213,213,208,209,296000,209
2005-08-24,213,213,211,212,153000,212
2005-08-23,214,215,213,213,417000,213
2005-08-22,214,214,211,212,280000,212
2005-08-19,214,215,213,213,272000,213
2005-08-18,214,214,211,214,345000,214
2005-08-17,216,216,212,214,753000,214
2005-08-16,215,222,213,217,1475000,217
2005-08-15,215,217,207,215,851000,215
2005-08-12,211,216,210,215,923000,215
2005-08-11,212,212,209,210,725000,210
2005-08-10,206,213,205,212,1952000,212
2005-08-09,204,206,203,206,358000,206
2005-08-08,202,205,200,205,389000,205
2005-08-05,202,205,202,205,372000,205
2005-08-04,206,206,203,206,297000,206
2005-08-03,206,206,204,206,367000,206
2005-08-02,206,207,204,206,400000,206
2005-08-01,206,208,204,206,502000,206
2005-07-29,205,208,205,207,519000,207
2005-07-28,204,207,203,207,884000,207
2005-07-27,204,206,203,204,830000,204
2005-07-26,203,204,202,203,345000,203
2005-07-25,204,206,202,202,678000,202
2005-07-22,201,202,200,202,496000,202
2005-07-21,201,203,201,201,766000,201
2005-07-20,200,202,199,201,731000,201
2005-07-19,197,200,197,199,407000,199
2005-07-15,197,198,197,198,271000,198
2005-07-14,195,197,195,196,153000,196
2005-07-13,197,198,196,197,371000,197
2005-07-12,199,199,196,196,159000,196
2005-07-11,199,199,195,198,246000,198
2005-07-08,197,199,196,198,182000,198
2005-07-07,199,199,197,198,121000,198
2005-07-06,199,200,198,199,107000,199
2005-07-05,201,201,198,200,139000,200
2005-07-04,200,201,199,200,327000,200
2005-07-01,200,200,199,199,136000,199
2005-06-30,200,202,199,202,272000,202
2005-06-29,201,201,199,201,175000,201
2005-06-28,200,201,199,201,124000,201
2005-06-27,199,200,199,199,174000,199
2005-06-24,197,202,197,201,401000,201
2005-06-23,203,203,200,202,327000,202
2005-06-22,201,202,200,202,289000,202
2005-06-21,201,202,200,201,241000,201
2005-06-20,201,202,199,202,352000,202
2005-06-17,200,201,199,201,209000,201
2005-06-16,203,203,201,201,1117000,201
2005-06-15,196,200,195,200,757000,200
2005-06-14,197,197,195,197,259000,197
2005-06-13,196,197,194,197,260000,197
2005-06-10,196,197,194,197,319000,197
2005-06-09,197,197,194,194,205000,194
2005-06-08,196,197,194,197,216000,197
2005-06-07,196,196,195,196,196000,196
2005-06-06,195,196,194,196,189000,196
2005-06-03,198,198,194,196,219000,196
2005-06-02,197,199,196,197,297000,197
2005-06-01,197,199,195,195,587000,195
2005-05-31,196,199,189,199,1528000,199
2005-05-30,192,198,191,198,482000,198
2005-05-27,188,191,187,191,286000,191
2005-05-26,186,189,186,189,401000,189
2005-05-25,191,191,185,189,701000,189
2005-05-24,193,194,191,192,331000,192
2005-05-23,195,195,191,194,338000,194
2005-05-20,195,195,192,195,236000,195
2005-05-19,194,195,191,194,260000,194
2005-05-18,191,193,188,191,282000,191
2005-05-17,193,198,186,190,1320000,190
2005-05-16,198,199,193,194,472000,194
2005-05-13,201,201,196,200,930000,200
2005-05-12,204,204,201,203,352000,203
2005-05-11,206,206,201,201,418000,201
2005-05-10,209,210,204,204,1012000,204
2005-05-09,207,213,207,209,4180000,209
2005-05-06,202,204,201,202,671000,202
2005-05-02,200,202,200,200,848000,200
2005-04-28,203,204,198,203,2208000,203
2005-04-27,202,210,200,204,17940000,204
2005-04-26,197,199,195,197,591000,197
2005-04-25,195,203,194,198,1320000,198
2005-04-22,196,197,194,197,492000,197
2005-04-21,194,195,191,195,732000,195
2005-04-20,198,199,196,197,450000,197
2005-04-19,195,198,193,196,689000,196
2005-04-18,190,198,190,198,1285000,198
2005-04-15,196,199,195,199,369000,199
2005-04-14,201,201,194,201,1359000,201
2005-04-13,202,215,200,202,8128000,202
2005-04-12,201,202,200,201,294000,201
2005-04-11,206,206,201,202,407000,202
2005-04-08,205,205,203,204,142000,204
2005-04-07,206,206,202,205,200000,205
2005-04-06,205,206,204,205,182000,205
2005-04-05,205,206,203,206,199000,206
2005-04-04,203,206,201,206,204000,206
2005-04-01,205,207,199,206,240000,206
2005-03-31,202,207,201,207,384000,207
2005-03-30,205,207,199,202,1285000,202
2005-03-29,210,213,207,210,517000,210
2005-03-28,205,212,205,212,451000,212
2005-03-25,215,215,209,212,770000,212
2005-03-24,220,220,214,215,663000,215
2005-03-23,220,220,214,220,1145000,220
2005-03-22,222,225,218,220,2229000,220
2005-03-18,213,227,213,220,5438000,220
2005-03-17,209,214,209,212,1257000,212
2005-03-16,209,210,206,208,821000,208
2005-03-15,216,217,209,210,1523000,210
2005-03-14,209,216,209,214,2137000,214
2005-03-11,208,210,207,208,732000,208
2005-03-10,208,210,205,206,440000,206
2005-03-09,207,211,207,210,645000,210
2005-03-08,210,210,207,208,636000,208
2005-03-07,208,212,207,210,1466000,210
2005-03-04,207,208,204,207,741000,207
2005-03-03,202,214,202,208,2620000,208
2005-03-02,200,206,199,205,2837000,205
2005-03-01,197,200,195,200,1497000,200
2005-02-28,194,196,192,196,794000,196
2005-02-25,192,195,191,193,377000,193
2005-02-24,188,191,187,191,226000,191
2005-02-23,189,189,186,187,693000,187
2005-02-22,195,196,191,192,367000,192
2005-02-21,193,195,192,193,345000,193
2005-02-18,191,196,190,194,816000,194
2005-02-17,187,192,186,191,389000,191
2005-02-16,192,193,190,190,371000,190
2005-02-15,196,196,193,193,236000,193
2005-02-14,197,198,194,196,431000,196
2005-02-10,196,197,194,195,320000,195
2005-02-09,196,201,196,197,1209000,197
2005-02-08,193,201,192,201,1995000,201
2005-02-07,193,195,192,194,602000,194
2005-02-04,194,194,190,193,643000,193
2005-02-03,193,196,193,194,1190000,194
2005-02-02,194,194,192,194,648000,194
2005-02-01,192,194,190,192,1046000,192
2005-01-31,192,193,189,191,999000,191
2005-01-28,189,191,185,187,364000,187
2005-01-27,189,189,187,188,304000,188
2005-01-26,190,193,187,189,1132000,189
2005-01-25,186,192,183,189,1212000,189
2005-01-24,183,186,183,186,566000,186
2005-01-21,181,183,180,182,467000,182
2005-01-20,181,183,180,183,446000,183
2005-01-19,185,186,183,183,397000,183
2005-01-18,186,186,183,184,871000,184
2005-01-17,182,189,182,188,1210000,188
2005-01-14,182,183,180,181,355000,181
2005-01-13,181,183,180,182,558000,182
2005-01-12,183,183,180,181,499000,181
2005-01-11,183,184,181,181,567000,181
2005-01-07,184,185,179,183,1558000,183
2005-01-06,180,182,178,181,537000,181
2005-01-05,178,184,177,180,565000,180
2005-01-04,179,179,177,179,226000,179
2004-12-30,178,178,176,177,382000,177
2004-12-29,181,181,176,176,1837000,176
2004-12-28,168,193,168,183,6101000,183
2004-12-27,165,167,164,167,838000,167
2004-12-24,168,169,165,166,615000,166
2004-12-22,166,169,164,167,819000,167
2004-12-21,165,166,163,164,620000,164
2004-12-20,165,166,164,165,454000,165
2004-12-17,163,167,163,166,731000,166
2004-12-16,163,164,161,164,354000,164
2004-12-15,162,165,162,164,305000,164
2004-12-14,164,164,161,164,594000,164
2004-12-13,166,167,164,165,934000,165
2004-12-10,160,169,160,167,1857000,167
2004-12-09,167,167,161,161,781000,161
2004-12-08,166,168,163,165,854000,165
2004-12-07,168,170,168,169,742000,169
2004-12-06,176,176,168,170,1014000,170
2004-12-03,175,175,172,174,761000,174
2004-12-02,171,176,171,174,1626000,174
2004-12-01,171,173,169,169,1225000,169
2004-11-30,174,174,170,172,692000,172
2004-11-29,172,176,172,174,981000,174
2004-11-26,176,177,171,172,1579000,172
2004-11-25,181,181,175,177,559000,177
2004-11-24,178,183,178,179,677000,179
2004-11-22,181,181,175,179,1923000,179
2004-11-19,187,188,184,184,712000,184
2004-11-18,191,191,186,187,1247000,187
2004-11-17,188,192,188,191,1279000,191
2004-11-16,193,194,189,189,1551000,189
2004-11-15,193,195,191,192,1596000,192
2004-11-12,191,196,189,192,3629000,192
2004-11-11,196,198,190,190,5112000,190
2004-11-10,190,204,189,200,23369000,200
2004-11-09,189,191,188,188,1994000,188
2004-11-08,186,196,186,189,7362000,189
2004-11-05,188,190,182,190,7401000,190
2004-11-04,199,206,187,190,15860000,190
2004-11-02,229,236,193,199,79892000,199
2004-11-01,169,219,167,219,58980000,219
2004-10-29,170,171,167,169,938000,169
2004-10-28,173,173,167,170,4030000,170
2004-10-27,173,177,167,176,7681000,176
2004-10-26,175,177,169,172,7573000,172
2004-10-25,176,187,166,170,33023000,170
2004-10-22,155,158,155,156,173000,156
2004-10-21,158,158,155,155,160000,155
2004-10-20,159,161,157,157,178000,157
2004-10-19,156,164,155,160,469000,160
2004-10-18,158,160,156,156,153000,156
2004-10-15,155,159,154,159,110000,159
2004-10-14,159,159,156,156,137000,156
2004-10-13,160,162,158,161,230000,161
2004-10-12,165,165,161,161,135000,161
2004-10-08,163,166,161,165,317000,165
2004-10-07,164,166,161,164,429000,164
2004-10-06,160,163,157,163,144000,163
2004-10-05,160,162,159,162,170000,162
2004-10-04,160,162,158,159,311000,159
2004-10-01,154,158,153,158,312000,158
2004-09-30,153,156,152,154,221000,154
2004-09-29,154,154,152,154,121000,154
2004-09-28,155,156,153,154,102000,154
2004-09-27,156,157,153,155,137000,155
2004-09-24,156,156,155,156,111000,156
2004-09-22,157,159,155,156,119000,156
2004-09-21,159,159,156,157,64000,157
2004-09-17,159,161,157,158,175000,158
2004-09-16,160,164,159,161,171000,161
2004-09-15,164,164,161,161,145000,161
2004-09-14,164,166,162,164,204000,164
2004-09-13,166,167,164,164,135000,164
2004-09-10,164,165,161,164,353000,164
2004-09-09,169,169,167,167,98000,167
2004-09-08,170,171,168,169,221000,169
2004-09-07,167,171,166,170,464000,170
2004-09-06,163,168,162,167,484000,167
2004-09-03,165,165,161,162,110000,162
2004-09-02,165,166,162,165,256000,165
2004-09-01,159,163,158,163,321000,163
2004-08-31,160,160,158,158,51000,158
2004-08-30,160,163,158,160,151000,160
2004-08-27,160,160,158,160,51000,160
2004-08-26,161,161,158,160,113000,160
2004-08-25,156,162,155,159,312000,159
2004-08-24,157,158,156,158,259000,158
2004-08-23,160,161,156,159,254000,159
2004-08-20,156,158,154,157,148000,157
2004-08-19,155,156,152,154,117000,154
2004-08-18,154,155,151,154,85000,154
2004-08-17,157,158,154,154,112000,154
2004-08-16,158,162,151,154,244000,154
2004-08-13,163,163,157,157,131000,157
2004-08-12,159,161,158,161,82000,161
2004-08-11,158,158,156,158,145000,158
2004-08-10,155,157,153,157,73000,157
2004-08-09,155,155,153,155,99000,155
2004-08-06,155,157,153,157,111000,157
2004-08-05,156,158,156,157,154000,157
2004-08-04,160,160,155,159,214000,159
2004-08-03,162,163,160,160,145000,160
2004-08-02,165,165,161,162,152000,162
2004-07-30,161,162,159,162,52000,162
2004-07-29,162,162,158,160,152000,160
2004-07-28,160,163,160,162,138000,162
2004-07-27,161,163,161,162,191000,162
2004-07-26,162,168,161,163,212000,163
2004-07-23,166,166,161,164,171000,164
2004-07-22,164,165,161,164,129000,164
2004-07-21,163,164,161,164,173000,164
2004-07-20,163,168,163,163,92000,163
2004-07-16,163,169,162,164,165000,164
2004-07-15,165,165,163,163,233000,163
2004-07-14,169,170,165,165,330000,165
2004-07-13,168,170,166,170,318000,170
2004-07-12,171,171,166,168,475000,168
2004-07-09,165,169,165,168,310000,168
2004-07-08,167,168,165,165,190000,165
2004-07-07,164,167,164,166,176000,166
2004-07-06,168,170,164,165,286000,165
2004-07-05,172,172,167,170,349000,170
2004-07-02,175,176,173,173,787000,173
2004-07-01,173,178,172,176,653000,176
2004-06-30,175,175,171,172,654000,172
2004-06-29,173,176,172,174,859000,174
2004-06-28,169,172,169,172,145000,172
2004-06-25,168,168,166,167,253000,167
2004-06-24,171,172,168,170,337000,170
2004-06-23,173,175,170,170,171000,170
2004-06-22,173,174,171,173,115000,173
2004-06-21,174,176,171,173,194000,173
2004-06-18,177,177,172,172,221000,172
2004-06-17,182,182,175,177,408000,177
2004-06-16,183,184,180,180,309000,180
2004-06-15,181,181,177,178,294000,178
2004-06-14,183,186,182,183,303000,183
2004-06-11,184,188,183,183,1023000,183
2004-06-10,175,184,173,182,996000,182
2004-06-09,171,177,170,177,327000,177
2004-06-08,172,172,170,170,138000,170
2004-06-07,169,175,169,171,164000,171
2004-06-04,170,170,168,169,118000,169
2004-06-03,172,174,169,169,162000,169
2004-06-02,175,175,172,172,60000,172
2004-06-01,172,175,172,173,64000,173
2004-05-31,173,177,173,174,226000,174
2004-05-28,173,173,171,172,77000,172
2004-05-27,173,174,171,172,146000,172
2004-05-26,173,174,172,172,99000,172
2004-05-25,175,175,170,170,187000,170
2004-05-24,173,174,172,173,216000,173
2004-05-21,168,173,168,172,241000,172
2004-05-20,168,175,165,168,402000,168
2004-05-19,165,171,163,170,209000,170
2004-05-18,155,166,155,162,269000,162
2004-05-17,168,168,155,155,302000,155
2004-05-14,172,174,169,170,273000,170
2004-05-13,176,177,172,173,209000,173
2004-05-12,179,179,174,177,271000,177
2004-05-11,157,177,155,175,636000,175
2004-05-10,180,181,151,162,339000,162
2004-05-07,185,185,174,182,552000,182
2004-05-06,191,191,186,186,272000,186
2004-04-30,191,193,190,191,317000,191
2004-04-28,192,196,192,194,477000,194
2004-04-27,195,195,189,193,369000,193
2004-04-26,198,199,195,196,317000,196
2004-04-23,202,202,198,199,337000,199
2004-04-22,202,203,200,200,501000,200
2004-04-21,200,204,200,203,542000,203
2004-04-20,208,208,198,200,643000,200
2004-04-19,201,202,195,195,593000,195
2004-04-16,203,206,202,204,463000,204
2004-04-15,208,210,205,206,1481000,206
2004-04-14,202,209,201,208,1343000,208
2004-04-13,202,208,201,201,1807000,201
2004-04-12,191,202,191,197,935000,197
2004-04-09,191,197,188,190,741000,190
2004-04-08,192,196,189,194,781000,194
2004-04-07,185,194,185,192,1216000,192
2004-04-06,186,187,184,184,436000,184
2004-04-05,188,189,186,186,373000,186
2004-04-02,189,191,188,188,307000,188
2004-04-01,190,192,188,189,420000,189
2004-03-31,190,192,188,191,369000,191
2004-03-30,193,193,189,190,568000,190
2004-03-29,190,194,185,193,1104000,193
2004-03-26,205,205,198,200,1029000,200
2004-03-25,199,203,198,200,2909000,200
2004-03-24,192,196,191,196,1474000,196
2004-03-23,187,194,186,189,811000,189
2004-03-22,185,192,185,190,639000,190
2004-03-19,185,192,185,189,657000,189
2004-03-18,199,200,185,189,2110000,189
2004-03-17,184,194,184,193,3542000,193
2004-03-16,183,183,180,181,467000,181
2004-03-15,176,182,176,179,774000,179
2004-03-12,176,178,173,173,571000,173
2004-03-11,179,184,179,180,532000,180
2004-03-10,185,186,179,180,551000,180
2004-03-09,183,188,183,185,916000,185
2004-03-08,173,188,172,187,2190000,187
2004-03-05,174,175,171,172,303000,172
2004-03-04,178,178,171,174,1065000,174
2004-03-03,168,175,167,174,866000,174
2004-03-02,168,169,166,167,358000,167
2004-03-01,164,170,162,166,694000,166
2004-02-27,160,166,158,164,675000,164
2004-02-26,162,162,160,160,61000,160
2004-02-25,164,164,160,160,171000,160
2004-02-24,164,164,161,162,133000,162
2004-02-23,164,166,163,163,112000,163
2004-02-20,168,168,164,164,166000,164
2004-02-19,166,168,164,165,114000,165
2004-02-18,168,168,163,164,189000,164
2004-02-17,168,168,166,166,125000,166
2004-02-16,164,169,164,166,161000,166
2004-02-13,160,166,160,163,234000,163
2004-02-12,162,163,161,161,239000,161
2004-02-10,157,162,157,160,82000,160
2004-02-09,158,165,158,159,125000,159
2004-02-06,161,161,158,161,188000,161
2004-02-05,158,162,158,162,200000,162
2004-02-04,166,167,163,163,341000,163
2004-02-03,167,168,165,167,236000,167
2004-02-02,169,169,166,166,83000,166
2004-01-30,165,169,164,165,273000,165
2004-01-29,165,166,161,164,183000,164
2004-01-28,163,170,162,167,291000,167
2004-01-27,174,175,165,165,432000,165
2004-01-26,175,175,172,174,220000,174
2004-01-23,175,180,172,176,844000,176
2004-01-22,172,177,172,175,714000,175
2004-01-21,169,175,168,171,292000,171
2004-01-20,169,175,165,170,612000,170
2004-01-19,164,170,164,168,303000,168
2004-01-16,169,170,162,162,553000,162
2004-01-15,164,176,164,170,1848000,170
2004-01-14,164,165,162,162,227000,162
2004-01-13,165,167,163,163,425000,163
2004-01-09,161,163,161,162,217000,162
2004-01-08,161,164,159,161,361000,161
2004-01-07,153,160,152,160,275000,160
2004-01-06,152,154,151,152,251000,152
2004-01-05,150,152,150,150,88000,150
2003-12-30,149,150,148,149,77000,149
2003-12-29,149,149,147,148,243000,148
2003-12-26,141,146,138,145,278000,145
2003-12-25,136,142,134,142,305000,142
2003-12-24,138,138,135,136,306000,136
2003-12-22,139,141,137,138,223000,138
2003-12-19,141,142,139,140,281000,140
2003-12-18,142,143,140,142,166000,142
2003-12-17,148,148,142,143,137000,143
2003-12-16,145,148,145,147,102000,147
2003-12-15,148,150,146,149,283000,149
2003-12-12,146,150,146,147,311000,147
2003-12-11,150,150,146,146,206000,146
2003-12-10,148,148,145,146,268000,146
2003-12-09,156,156,149,149,406000,149
2003-12-08,154,163,150,154,996000,154
2003-12-05,153,153,148,150,545000,150
2003-12-04,145,156,144,156,768000,156
2003-12-03,143,145,142,144,121000,144
2003-12-02,148,148,142,142,156000,142
2003-12-01,137,145,137,144,346000,144
2003-11-28,152,152,146,146,204000,146
2003-11-27,151,152,148,150,468000,150
2003-11-26,151,152,149,151,266000,151
2003-11-25,146,150,145,149,375000,149
2003-11-21,134,143,134,142,363000,142
2003-11-20,134,136,130,136,324000,136
2003-11-19,129,133,128,131,402000,131
2003-11-18,133,135,129,129,482000,129
2003-11-17,147,147,130,133,336000,133
2003-11-14,151,153,149,149,180000,149
2003-11-13,150,154,150,151,191000,151
2003-11-12,150,154,150,150,189000,150
2003-11-11,163,163,145,152,445000,152
2003-11-10,162,163,161,163,101000,163
2003-11-07,163,164,162,163,137000,163
2003-11-06,168,168,160,161,299000,161
2003-11-05,173,174,168,170,220000,170
2003-11-04,173,177,172,175,169000,175
2003-10-31,176,177,173,173,139000,173
2003-10-30,180,180,175,175,266000,175
2003-10-29,178,180,177,178,389000,178
2003-10-28,173,176,170,174,196000,174
2003-10-27,171,172,166,170,367000,170
2003-10-24,168,177,168,171,963000,171
2003-10-23,175,177,163,164,826000,164
2003-10-22,186,189,176,183,1033000,183
2003-10-21,193,193,183,184,783000,184
2003-10-20,199,199,190,192,1251000,192
2003-10-17,190,191,186,187,522000,187
2003-10-16,193,195,190,191,371000,191
2003-10-15,192,195,188,192,422000,192
2003-10-14,193,195,190,190,386000,190
2003-10-10,196,200,192,192,601000,192
2003-10-09,189,198,189,195,1009000,195
2003-10-08,187,193,186,188,538000,188
2003-10-07,191,191,185,187,526000,187
2003-10-06,198,198,191,192,591000,192
2003-10-03,195,198,192,195,689000,195
2003-10-02,187,196,186,192,851000,192
2003-10-01,186,190,184,186,602000,186
2003-09-30,195,195,188,191,400000,191
2003-09-29,197,200,191,192,993000,192
2003-09-26,190,205,187,202,1227000,202
2003-09-25,197,200,180,190,1315000,190
2003-09-24,213,219,196,202,3731000,202
2003-09-22,205,218,202,209,6244000,209
2003-09-19,183,209,180,206,9566000,206
2003-09-18,173,185,171,185,2528000,185
2003-09-17,177,182,169,177,3304000,177
2003-09-16,161,180,160,175,4180000,175
2003-09-12,160,161,156,160,934000,160
2003-09-11,159,160,156,157,638000,157
2003-09-10,152,161,152,161,1253000,161
2003-09-09,154,154,151,153,325000,153
2003-09-08,152,153,151,153,249000,153
2003-09-05,155,156,150,152,501000,152
2003-09-04,156,157,150,151,383000,151
2003-09-03,154,156,153,156,409000,156
2003-09-02,156,156,153,154,287000,154
2003-09-01,157,157,153,155,351000,155
2003-08-29,152,155,150,154,428000,154
2003-08-28,157,157,150,152,547000,152
2003-08-27,157,159,155,157,481000,157
2003-08-26,155,158,151,156,843000,156
2003-08-25,155,155,148,154,975000,154
2003-08-22,159,159,149,155,1454000,155
2003-08-21,160,167,158,159,3363000,159
2003-08-20,153,174,153,162,12485000,162
2003-08-19,127,130,127,129,321000,129
2003-08-18,124,127,123,126,164000,126
2003-08-15,124,124,122,122,189000,122
2003-08-14,123,124,122,124,199000,124
2003-08-13,123,124,122,123,210000,123
2003-08-12,125,125,122,122,150000,122
2003-08-11,126,126,122,122,148000,122
2003-08-08,121,128,121,128,119000,128
2003-08-07,125,125,121,121,120000,121
2003-08-06,125,127,123,123,167000,123
2003-08-05,126,127,125,125,70000,125
2003-08-04,129,129,126,126,120000,126
2003-08-01,124,129,124,128,172000,128
2003-07-31,127,129,126,128,113000,128
2003-07-30,129,129,127,127,154000,127
2003-07-29,128,131,128,128,158000,128
2003-07-28,130,130,127,128,125000,128
2003-07-25,126,132,126,129,558000,129
2003-07-24,124,124,122,122,151000,122
2003-07-23,120,125,120,125,141000,125
2003-07-22,120,122,120,120,89000,120
2003-07-18,121,123,119,121,99000,121
2003-07-17,125,125,120,122,169000,122
2003-07-16,133,133,125,126,363000,126
2003-07-15,130,135,129,133,864000,133
2003-07-14,127,129,127,129,119000,129
2003-07-11,129,129,126,126,194000,126
2003-07-10,127,129,124,128,113000,128
2003-07-09,127,127,125,127,131000,127
2003-07-08,128,130,126,126,323000,126
2003-07-07,127,130,127,128,202000,128
2003-07-04,123,127,122,127,269000,127
2003-07-03,135,136,123,125,682000,125
2003-07-02,132,133,131,133,307000,133
2003-07-01,128,133,128,132,299000,132
2003-06-30,133,134,130,130,252000,130
2003-06-27,130,133,130,133,264000,133
2003-06-26,131,133,129,131,405000,131
2003-06-25,131,136,131,134,689000,134
2003-06-24,138,138,133,136,666000,136
2003-06-23,135,142,134,140,1775000,140
2003-06-20,137,138,133,134,839000,134
2003-06-19,132,138,131,136,1443000,136
2003-06-18,130,135,128,132,867000,132
2003-06-17,127,131,127,129,771000,129
2003-06-16,132,133,123,127,1192000,127
2003-06-13,124,132,122,132,2978000,132
2003-06-12,123,124,121,123,313000,123
2003-06-11,122,124,121,121,408000,121
2003-06-10,121,122,120,122,226000,122
2003-06-09,123,123,121,122,255000,122
2003-06-06,123,124,120,121,469000,121
2003-06-05,124,125,120,124,869000,124
2003-06-04,117,123,117,122,1257000,122
2003-06-03,115,117,114,117,110000,117
2003-06-02,116,116,114,116,122000,116
2003-05-30,116,116,114,116,81000,116
2003-05-29,116,116,114,114,79000,114
2003-05-28,117,117,115,117,61000,117
2003-05-27,117,117,115,115,151000,115
2003-05-26,115,117,113,116,155000,116
2003-05-23,117,117,114,115,258000,115
2003-05-22,116,117,114,117,289000,117
2003-05-21,113,116,112,114,238000,114
2003-05-20,111,113,111,113,80000,113
2003-05-19,112,113,111,111,100000,111
2003-05-16,112,114,112,114,67000,114
2003-05-15,114,114,111,113,116000,113
2003-05-14,114,115,111,113,145000,113
2003-05-13,113,116,111,113,291000,113
2003-05-12,115,116,113,115,169000,115
2003-05-09,112,114,111,113,284000,113
2003-05-08,110,120,110,110,1871000,110
2003-05-07,109,110,108,108,111000,108
2003-05-06,106,108,106,108,90000,108
2003-05-02,107,107,104,106,179000,106
2003-05-01,104,108,104,107,199000,107
2003-04-30,104,104,103,103,43000,103
2003-04-28,106,106,102,104,120000,104
2003-04-25,108,108,105,106,228000,106
2003-04-24,110,110,107,108,164000,108
2003-04-23,114,114,109,111,470000,111
2003-04-22,104,119,104,114,2133000,114
2003-04-21,102,104,101,102,380000,102
2003-04-18,101,102,100,102,119000,102
2003-04-17,102,102,101,102,64000,102
2003-04-16,103,104,102,103,197000,103
2003-04-15,104,105,103,105,78000,105
2003-04-14,104,104,102,102,74000,102
2003-04-11,104,105,102,105,119000,105
2003-04-10,105,105,103,104,85000,104
2003-04-09,104,106,102,104,112000,104
2003-04-08,107,108,102,105,141000,105
2003-04-07,101,106,101,106,288000,106
2003-04-04,103,103,100,101,81000,101
2003-04-03,102,104,102,103,43000,103
2003-04-02,102,104,100,103,211000,103
2003-04-01,100,103,99,103,71000,103
2003-03-31,102,103,100,100,129000,100
2003-03-28,102,102,100,102,76000,102
2003-03-27,100,103,100,103,83000,103
2003-03-26,103,105,103,104,86000,104
2003-03-25,104,106,102,106,205000,106
2003-03-24,105,107,104,106,271000,106
2003-03-20,104,105,101,105,86000,105
2003-03-19,103,104,102,103,97000,103
2003-03-18,100,106,100,103,123000,103
2003-03-17,102,102,98,98,67000,98
2003-03-14,103,104,100,100,327000,100
2003-03-13,102,102,100,102,104000,102
2003-03-12,99,102,99,100,97000,100
2003-03-11,102,102,99,99,123000,99
2003-03-10,100,102,98,98,202000,98
2003-03-07,110,110,102,102,131000,102
2003-03-06,108,112,108,110,651000,110
2003-03-05,105,108,104,107,221000,107
2003-03-04,105,105,103,104,76000,104
2003-03-03,100,105,100,105,167000,105
2003-02-28,102,102,100,100,32000,100
2003-02-27,101,102,99,101,52000,101
2003-02-26,99,100,99,99,83000,99
2003-02-25,105,105,99,99,243000,99
2003-02-24,102,108,101,107,542000,107
2003-02-21,103,103,100,102,123000,102
2003-02-20,101,103,99,103,75000,103
2003-02-19,103,103,101,101,150000,101
2003-02-18,105,105,102,104,127000,104
2003-02-17,103,105,100,104,326000,104
2003-02-14,98,103,98,101,388000,101
2003-02-13,100,100,98,98,117000,98
2003-02-12,100,100,99,99,134000,99
2003-02-10,98,100,97,99,111000,99
2003-02-07,94,97,94,97,177000,97
2003-02-06,95,96,93,95,102000,95
2003-02-05,93,96,92,95,222000,95
2003-02-04,96,97,92,94,145000,94
2003-02-03,93,96,93,96,141000,96
2003-01-31,95,95,92,93,117000,93
2003-01-30,96,97,95,96,44000,96
2003-01-29,100,100,97,97,114000,97
2003-01-28,96,101,96,100,120000,100
2003-01-27,98,100,97,97,72000,97
2003-01-24,100,101,97,101,313000,101
2003-01-23,98,100,97,99,162000,99
2003-01-22,99,100,98,98,139000,98
2003-01-21,94,98,93,98,174000,98
2003-01-20,91,95,90,94,119000,94
2003-01-17,89,94,89,91,195000,91
2003-01-16,90,91,88,90,140000,90
2003-01-15,88,90,88,90,126000,90
2003-01-14,87,88,87,88,98000,88
2003-01-10,85,87,85,86,121000,86
2003-01-09,85,86,85,86,59000,86
2003-01-08,88,88,85,85,38000,85
2003-01-07,89,89,86,86,50000,86
2003-01-06,88,89,88,89,28000,89
2002-12-30,84,90,84,88,96000,88
2002-12-27,87,88,83,86,128000,86
2002-12-26,82,87,82,87,102000,87
2002-12-25,83,84,81,82,376000,82
2002-12-24,82,86,82,85,217000,85
2002-12-20,82,84,82,84,131000,84
2002-12-19,81,85,81,82,108000,82
2002-12-18,86,86,82,83,176000,83
2002-12-17,85,88,85,86,245000,86
2002-12-16,86,87,85,85,82000,85
2002-12-13,88,90,87,87,260000,87
2002-12-12,87,89,87,89,72000,89
2002-12-11,91,91,88,88,103000,88
2002-12-10,87,90,87,90,111000,90
2002-12-09,89,90,89,89,70000,89
2002-12-06,92,92,89,90,217000,90
2002-12-05,97,98,93,94,482000,94
2002-12-04,90,92,90,92,182000,92
2002-12-03,92,92,90,91,122000,91
2002-12-02,92,93,91,91,74000,91
2002-11-29,91,93,91,92,138000,92
2002-11-28,91,93,90,91,121000,91
2002-11-27,92,92,90,90,118000,90
2002-11-26,93,93,91,93,57000,93
2002-11-25,92,93,90,93,315000,93
2002-11-22,91,93,89,91,238000,91
2002-11-21,92,95,90,95,131000,95
2002-11-20,78,94,78,94,137000,94
2002-11-19,85,86,74,83,439000,83
2002-11-18,93,94,87,88,164000,88
2002-11-15,98,99,93,96,266000,96
2002-11-14,102,103,99,99,187000,99
2002-11-13,103,103,102,102,229000,102
2002-11-12,102,104,102,104,179000,104
2002-11-11,103,104,102,103,312000,103
2002-11-08,102,103,101,102,117000,102
2002-11-07,102,103,101,103,89000,103
2002-11-06,104,105,103,103,150000,103
2002-11-05,102,105,101,103,166000,103
2002-11-01,101,102,100,102,99000,102
2002-10-31,99,105,99,101,628000,101
2002-10-30,95,98,95,98,105000,98
2002-10-29,97,98,95,95,75000,95
2002-10-28,97,97,95,97,119000,97
2002-10-25,94,96,93,96,216000,96
2002-10-24,92,95,92,94,95000,94
2002-10-23,91,93,90,92,106000,92
2002-10-22,92,95,90,92,218000,92
2002-10-21,95,96,93,94,156000,94
2002-10-18,100,102,96,98,351000,98
2002-10-17,90,101,88,99,1194000,99
2002-10-16,90,92,90,92,152000,92
2002-10-15,92,93,89,90,234000,90
2002-10-11,92,93,90,92,218000,92
2002-10-10,88,92,88,90,182000,90
2002-10-09,94,95,89,89,337000,89
2002-10-08,96,98,94,96,132000,96
2002-10-07,99,99,93,94,148000,94
2002-10-04,101,103,99,101,154000,101
2002-10-03,102,102,100,101,106000,101
2002-10-02,101,103,101,101,109000,101
2002-10-01,102,103,101,103,98000,103
2002-09-30,102,103,101,102,106000,102
2002-09-27,102,105,102,103,313000,103
2002-09-26,101,104,101,101,167000,101
2002-09-25,105,105,102,102,303000,102
2002-09-24,104,107,104,107,147000,107
2002-09-20,105,108,104,104,109000,104
2002-09-19,108,111,103,103,261000,103
2002-09-18,107,109,106,108,55000,108
2002-09-17,110,111,108,111,98000,111
2002-09-13,113,113,107,109,319000,109
2002-09-12,108,110,105,109,100000,109
2002-09-11,112,112,105,108,196000,108
2002-09-10,105,111,103,110,174000,110
2002-09-09,102,105,102,105,88000,105
2002-09-06,101,104,101,102,108000,102
2002-09-05,104,109,102,103,130000,103
2002-09-04,103,106,96,104,177000,104
2002-09-03,114,114,90,111,175000,111
2002-09-02,112,115,112,114,116000,114
2002-08-30,113,114,112,114,86000,114
2002-08-29,113,114,112,113,176000,113
2002-08-28,114,115,113,115,119000,115
2002-08-27,116,116,114,114,120000,114
2002-08-26,112,117,112,117,123000,117
2002-08-23,117,117,113,113,322000,113
2002-08-22,113,116,112,116,240000,116
2002-08-21,112,115,112,113,199000,113
2002-08-20,111,113,111,113,83000,113
2002-08-19,110,113,110,111,90000,111
2002-08-16,110,113,109,112,193000,112
2002-08-15,111,111,107,110,159000,110
2002-08-14,110,111,109,110,64000,110
2002-08-13,109,111,109,109,52000,109
2002-08-12,111,112,108,108,120000,108
2002-08-09,109,109,107,108,166000,108
2002-08-08,108,109,106,106,90000,106
2002-08-07,108,110,105,107,55000,107
2002-08-06,105,109,105,105,87000,105
2002-08-05,109,110,107,108,30000,108
2002-08-02,111,112,109,110,104000,110
2002-08-01,110,114,110,111,91000,111
2002-07-31,113,113,111,111,41000,111
2002-07-30,112,114,110,111,83000,111
2002-07-29,111,113,110,111,203000,111
2002-07-26,114,114,111,111,122000,111
2002-07-25,120,120,114,115,303000,115
2002-07-24,113,125,112,125,350000,125
2002-07-23,112,114,111,112,176000,112
2002-07-22,114,115,112,112,111000,112
2002-07-19,114,116,114,114,120000,114
2002-07-18,113,115,113,114,92000,114
2002-07-17,112,114,112,114,193000,114
2002-07-16,111,114,111,111,144000,111
2002-07-15,114,115,113,114,105000,114
2002-07-12,114,115,114,114,48000,114
2002-07-11,116,116,114,114,204000,114
2002-07-10,116,116,115,116,51000,116
2002-07-09,115,117,114,117,122000,117
2002-07-08,116,117,115,115,167000,115
2002-07-05,115,117,115,116,114000,116
2002-07-04,116,117,114,116,146000,116
2002-07-03,108,115,108,115,303000,115
2002-07-02,108,110,108,110,106000,110
2002-07-01,110,111,108,110,60000,110
2002-06-28,110,110,107,110,119000,110
2002-06-27,109,109,107,107,85000,107
2002-06-26,108,109,106,107,150000,107
2002-06-25,116,116,109,112,209000,112
2002-06-24,105,114,105,114,250000,114
2002-06-21,106,110,106,110,149000,110
2002-06-20,106,109,106,107,321000,107
2002-06-19,110,114,109,110,224000,110
2002-06-18,114,115,112,114,150000,114
2002-06-17,114,118,110,112,431000,112
2002-06-14,124,124,117,118,822000,118
2002-06-13,124,124,120,121,159000,121
2002-06-12,122,125,122,123,472000,123
2002-06-11,125,125,122,124,415000,124
2002-06-10,125,125,122,122,424000,122
2002-06-07,119,120,117,120,392000,120
2002-06-06,122,124,120,121,871000,121
2002-06-05,113,122,113,122,2237000,122
2002-06-04,112,114,112,114,256000,114
2002-06-03,115,115,112,114,243000,114
2002-05-31,114,115,113,113,233000,113
2002-05-30,112,115,112,114,334000,114
2002-05-29,113,115,112,115,537000,115
2002-05-28,110,116,109,115,975000,115
2002-05-27,109,112,109,109,434000,109
2002-05-24,111,111,108,110,499000,110
2002-05-23,111,112,109,110,841000,110
2002-05-22,105,112,105,110,1156000,110
2002-05-21,105,105,104,105,68000,105
2002-05-20,103,105,103,104,176000,104
2002-05-17,104,106,102,103,215000,103
2002-05-16,102,104,102,104,94000,104
2002-05-15,101,103,101,102,176000,102
2002-05-14,102,103,101,101,141000,101
2002-05-13,104,104,102,103,177000,103
2002-05-10,108,108,104,104,164000,104
2002-05-09,106,109,106,107,352000,107
2002-05-08,105,106,105,106,92000,106
2002-05-07,106,107,103,104,250000,104
2002-05-02,106,108,105,107,539000,107
2002-05-01,104,107,104,106,343000,106
2002-04-30,106,106,103,104,225000,104
2002-04-26,107,107,104,105,537000,105
2002-04-25,104,108,103,104,1064000,104
2002-04-24,102,103,101,102,162000,102
2002-04-23,101,102,100,101,275000,101
2002-04-22,102,103,101,102,248000,102
2002-04-19,101,104,101,103,124000,103
2002-04-18,101,103,101,102,117000,102
2002-04-17,104,105,101,103,228000,103
2002-04-16,103,105,103,105,187000,105
2002-04-15,103,105,103,105,91000,105
2002-04-12,105,106,102,106,343000,106
2002-04-11,107,107,105,105,271000,105
2002-04-10,106,106,103,105,383000,105
2002-04-09,106,108,105,107,675000,107
2002-04-08,108,111,103,105,3014000,105
2002-04-05,97,101,97,99,243000,99
2002-04-04,96,98,95,98,114000,98
2002-04-03,92,95,92,95,100000,95
2002-04-02,96,96,92,93,175000,93
2002-04-01,95,98,95,96,129000,96
2002-03-29,96,102,95,96,362000,96
2002-03-28,97,97,95,96,335000,96
2002-03-27,100,102,95,98,192000,98
2002-03-26,100,103,100,101,201000,101
2002-03-25,104,104,102,103,374000,103
2002-03-22,104,104,102,103,198000,103
2002-03-20,104,104,102,102,237000,102
2002-03-19,102,104,102,104,175000,104
2002-03-18,103,103,102,102,122000,102
2002-03-15,101,104,101,104,285000,104
2002-03-14,101,102,100,100,255000,100
2002-03-13,100,102,100,102,237000,102
2002-03-12,102,103,101,101,192000,101
2002-03-11,101,102,100,102,255000,102
2002-03-08,100,102,99,99,753000,99
2002-03-07,104,104,101,102,345000,102
2002-03-06,101,103,100,101,219000,101
2002-03-05,106,106,100,101,570000,101
2002-03-04,105,106,104,106,542000,106
2002-03-01,101,106,100,105,724000,105
2002-02-28,104,104,100,101,577000,101
2002-02-27,103,104,101,103,450000,103
2002-02-26,106,107,102,104,741000,104
2002-02-25,99,104,98,103,1817000,103
2002-02-22,97,97,95,97,311000,97
2002-02-21,96,97,94,95,640000,95
2002-02-20,95,97,94,95,440000,95
2002-02-19,98,99,94,97,1045000,97
2002-02-18,93,97,92,97,1685000,97
2002-02-15,92,93,91,92,820000,92
2002-02-14,92,96,90,93,1856000,93
2002-02-13,84,94,84,92,1396000,92
2002-02-12,84,85,83,84,151000,84
2002-02-08,80,83,80,81,281000,81
2002-02-07,81,82,81,81,206000,81
2002-02-06,81,82,80,81,131000,81
2002-02-05,81,82,80,80,131000,80
2002-02-04,81,82,79,80,256000,80
2002-02-01,82,83,79,79,346000,79
2002-01-31,82,83,80,80,227000,80
2002-01-30,82,83,80,82,481000,82
2002-01-29,84,84,83,83,254000,83
2002-01-28,83,84,82,84,190000,84
2002-01-25,87,87,83,85,282000,85
2002-01-24,86,86,85,86,247000,86
2002-01-23,86,87,84,85,406000,85
2002-01-22,86,88,85,86,454000,86
2002-01-21,82,85,82,85,163000,85
2002-01-18,83,85,82,83,473000,83
2002-01-17,83,84,82,84,112000,84
2002-01-16,80,83,80,83,166000,83
2002-01-15,83,84,80,81,261000,81
2002-01-11,89,90,86,86,415000,86
2002-01-10,90,90,86,86,532000,86
2002-01-09,86,90,83,90,674000,90
2002-01-08,83,86,83,85,702000,85
2002-01-07,83,83,81,82,251000,82
2002-01-04,82,83,82,83,129000,83
2001-12-28,80,81,78,81,360000,81
2001-12-27,80,80,77,78,444000,78
2001-12-26,80,81,79,79,333000,79
2001-12-25,86,86,80,81,843000,81
2001-12-21,76,78,74,76,1662000,76
2001-12-20,71,85,70,80,4838000,80
2001-12-19,81,83,64,68,3864000,68
2001-12-18,102,104,71,76,2135000,76
2001-12-17,114,114,108,112,220000,112
2001-12-14,106,115,105,115,593000,115
2001-12-13,114,115,110,115,394000,115
2001-12-12,112,116,109,116,187000,116
2001-12-11,114,116,108,116,418000,116
2001-12-10,113,116,104,116,351000,116
2001-12-07,114,118,113,116,208000,116
2001-12-06,119,119,114,119,536000,119
2001-12-05,119,119,116,118,98000,118
2001-12-04,120,120,116,120,121000,120
2001-12-03,119,121,118,121,216000,121
2001-11-30,120,122,120,122,55000,122
2001-11-29,120,124,120,124,121000,124
2001-11-28,121,124,120,124,78000,124
2001-11-27,125,125,122,122,228000,122
2001-11-26,125,127,123,127,188000,127
2001-11-22,126,126,124,125,126000,125
2001-11-21,122,125,121,125,90000,125
2001-11-20,123,123,122,123,41000,123
2001-11-19,120,125,119,124,169000,124
2001-11-16,120,123,118,121,104000,121
2001-11-15,118,121,115,121,213000,121
2001-11-14,118,125,115,125,354000,125
2001-11-13,122,123,118,121,328000,121
2001-11-12,127,127,124,125,216000,125
2001-11-09,128,129,125,127,207000,127
2001-11-08,129,130,127,129,118000,129
2001-11-07,127,130,126,130,182000,130
2001-11-06,129,130,128,128,157000,128
2001-11-05,126,127,125,127,151000,127
2001-11-02,129,129,127,128,78000,128
2001-11-01,128,129,127,129,181000,129
2001-10-31,131,131,128,130,106000,130
2001-10-30,130,131,129,131,121000,131
2001-10-29,132,132,130,131,123000,131
2001-10-26,131,133,130,131,198000,131
2001-10-25,131,132,130,132,274000,132
2001-10-24,128,130,128,130,130000,130
2001-10-23,125,130,125,130,213000,130
2001-10-22,126,127,125,127,108000,127
2001-10-19,125,127,125,126,132000,126
2001-10-18,126,128,125,127,181000,127
2001-10-17,130,130,127,129,211000,129
2001-10-16,129,130,128,130,99000,130
2001-10-15,127,131,127,131,152000,131
2001-10-12,131,131,127,131,175000,131
2001-10-11,132,134,129,131,228000,131
2001-10-10,129,131,128,129,130000,129
2001-10-09,131,131,128,129,212000,129
2001-10-05,131,132,130,131,190000,131
2001-10-04,131,133,131,132,226000,132
2001-10-03,133,133,131,132,93000,132
2001-10-02,132,132,130,131,188000,131
2001-10-01,132,133,130,133,237000,133
2001-09-28,126,132,126,132,260000,132
2001-09-27,127,129,127,127,105000,127
2001-09-26,127,129,126,128,170000,128
2001-09-25,133,133,128,128,255000,128
2001-09-21,122,128,122,128,280000,128
2001-09-20,123,126,122,125,191000,125
2001-09-19,124,128,124,125,344000,125
2001-09-18,121,125,121,124,155000,124
2001-09-17,123,125,120,122,790000,122
2001-09-14,121,128,121,126,337000,126
2001-09-13,118,123,118,122,589000,122
2001-09-12,110,124,110,120,759000,120
2001-09-11,132,132,128,130,427000,130
2001-09-10,129,132,126,130,621000,130
2001-09-07,132,133,131,133,556000,133
2001-09-06,133,136,133,133,478000,133
2001-09-05,135,136,132,134,441000,134
2001-09-04,131,135,131,135,717000,135
2001-09-03,139,140,135,135,626000,135
2001-08-31,136,141,135,138,1278000,138
2001-08-30,141,143,137,140,1518000,140
2001-08-29,143,154,143,143,7437000,143
2001-08-28,137,142,136,142,762000,142
2001-08-27,139,140,136,138,617000,138
2001-08-24,138,139,137,137,538000,137
2001-08-23,143,144,139,141,700000,141
2001-08-22,136,143,135,142,969000,142
2001-08-21,139,141,136,137,944000,137
2001-08-20,142,143,140,140,802000,140
2001-08-17,147,150,144,144,2469000,144
2001-08-16,144,149,144,145,2062000,145
2001-08-15,142,145,139,144,1265000,144
2001-08-14,139,143,137,142,536000,142
2001-08-13,140,140,136,140,592000,140
2001-08-10,139,143,138,140,1183000,140
2001-08-09,137,141,137,140,1353000,140
2001-08-08,145,149,140,141,5807000,141
2001-08-07,131,143,130,141,4342000,141
2001-08-06,123,131,122,131,761000,131
2001-08-03,125,125,122,124,284000,124
2001-08-02,120,125,118,125,409000,125
2001-08-01,117,120,116,120,275000,120
2001-07-31,116,118,115,118,158000,118
2001-07-30,116,119,115,117,364000,117
2001-07-27,115,116,114,115,227000,115
2001-07-26,115,116,115,115,119000,115
2001-07-25,116,116,115,116,272000,116
2001-07-24,114,116,114,116,185000,116
2001-07-23,115,116,112,116,343000,116
2001-07-19,115,116,114,116,265000,116
2001-07-18,114,116,113,116,302000,116
2001-07-17,113,116,113,114,49000,114
2001-07-16,114,116,114,115,77000,115
2001-07-13,114,116,114,116,29000,116
2001-07-12,115,116,114,116,35000,116
2001-07-11,116,117,115,115,423000,115
2001-07-10,113,117,113,117,140000,117
2001-07-09,112,117,111,117,284000,117
2001-07-06,114,115,113,115,101000,115
2001-07-05,113,116,113,115,120000,115
2001-07-04,115,116,111,116,158000,116
2001-07-03,115,116,114,115,45000,115
2001-07-02,117,117,114,116,99000,116
2001-06-29,116,117,116,117,176000,117
2001-06-28,114,117,113,116,143000,116
2001-06-27,114,117,113,114,231000,114
2001-06-26,114,114,111,113,142000,113
2001-06-25,114,114,111,114,186000,114
2001-06-22,109,111,107,111,89000,111
2001-06-21,106,109,106,108,69000,108
2001-06-20,110,110,106,107,55000,107
2001-06-19,111,111,108,110,128000,110
2001-06-18,114,114,109,112,487000,112
2001-06-15,104,106,103,106,275000,106
2001-06-14,104,107,103,107,155000,107
2001-06-13,103,105,103,104,180000,104
2001-06-12,107,107,103,104,307000,104
2001-06-11,110,110,108,109,139000,109
2001-06-08,107,108,105,108,299000,108
2001-06-07,105,106,102,106,135000,106
2001-06-06,103,105,103,104,97000,104
2001-06-05,106,106,104,105,42000,105
2001-06-04,104,106,103,106,49000,106
2001-06-01,107,107,104,105,131000,105
2001-05-31,107,107,105,107,107000,107
2001-05-30,106,109,105,108,127000,108
2001-05-29,108,110,106,107,86000,107
2001-05-28,110,110,108,110,148000,110
2001-05-25,114,114,110,111,184000,111
2001-05-24,108,112,108,112,115000,112
2001-05-23,111,113,109,112,294000,112
2001-05-22,117,117,112,112,184000,112
2001-05-21,115,118,114,116,155000,116
2001-05-18,118,118,115,115,158000,115
2001-05-17,118,118,115,118,104000,118
2001-05-16,116,118,114,114,140000,114
2001-05-15,114,118,113,118,136000,118
2001-05-14,118,120,115,116,93000,116
2001-05-11,119,120,117,118,203000,118
2001-05-10,117,119,117,118,96000,118
2001-05-09,118,119,117,119,218000,119
2001-05-08,122,124,118,120,346000,120
2001-05-07,130,130,124,127,420000,127
2001-05-02,131,132,128,132,543000,132
2001-05-01,132,132,128,129,493000,129
2001-04-27,127,130,125,129,514000,129
2001-04-26,131,137,126,127,2251000,127
2001-04-25,118,130,117,129,2290000,129
2001-04-24,113,115,113,115,303000,115
2001-04-23,114,115,112,113,328000,113
2001-04-20,114,115,112,114,358000,114
2001-04-19,115,115,113,114,520000,114
2001-04-18,113,115,111,113,463000,113
2001-04-17,118,119,110,110,1309000,110
2001-04-16,103,114,102,114,1506000,114
2001-04-13,102,103,101,101,223000,101
2001-04-12,103,103,100,102,262000,102
2001-04-11,100,103,99,103,358000,103
2001-04-10,99,100,99,100,125000,100
2001-04-09,102,102,99,99,229000,99
2001-04-06,102,102,100,100,297000,100
2001-04-05,100,102,99,100,551000,100
2001-04-04,98,100,97,98,349000,98
2001-04-03,98,98,96,98,178000,98
2001-04-02,98,98,96,97,104000,97
2001-03-30,100,100,97,98,107000,98
2001-03-29,99,100,97,100,95000,100
2001-03-28,99,100,97,99,140000,99
2001-03-27,100,100,97,99,152000,99
2001-03-26,96,100,96,100,365000,100
2001-03-23,96,97,95,95,225000,95
2001-03-22,96,97,95,95,205000,95
2001-03-21,93,96,93,96,201000,96
2001-03-19,93,93,90,92,169000,92
2001-03-16,90,93,90,92,83000,92
2001-03-15,90,90,88,89,102000,89
2001-03-14,93,93,90,91,350000,91
2001-03-13,92,93,90,92,197000,92
2001-03-12,95,95,93,93,175000,93
2001-03-09,96,96,94,95,309000,95
2001-03-08,94,96,94,96,56000,96
2001-03-07,95,96,94,95,88000,95
2001-03-06,94,95,94,95,63000,95
2001-03-05,96,96,94,95,184000,95
2001-03-02,97,97,96,96,145000,96
2001-03-01,96,97,95,97,114000,97
2001-02-28,97,98,96,97,109000,97
2001-02-27,100,100,96,96,199000,96
2001-02-26,98,102,96,100,491000,100
2001-02-23,95,98,94,97,441000,97
2001-02-22,94,94,93,93,110000,93
2001-02-21,94,95,93,94,51000,94
2001-02-20,94,94,93,94,50000,94
2001-02-19,94,95,92,94,91000,94
2001-02-16,94,95,93,93,103000,93
2001-02-15,96,96,93,94,102000,94
2001-02-14,93,95,92,94,22000,94
2001-02-13,96,96,92,93,146000,93
2001-02-09,93,94,92,93,114000,93
2001-02-08,93,95,93,94,95000,94
2001-02-07,93,95,93,95,36000,95
2001-02-06,91,97,91,96,69000,96
2001-02-05,93,93,91,93,77000,93
2001-02-02,95,97,93,95,33000,95
2001-02-01,95,96,94,95,60000,95
2001-01-31,97,97,95,97,40000,97
2001-01-30,98,99,96,97,89000,97
2001-01-29,95,98,95,98,58000,98
2001-01-26,97,98,96,97,81000,97
2001-01-25,99,99,97,99,246000,99
2001-01-24,94,98,94,98,68000,98
2001-01-23,93,96,93,96,55000,96
2001-01-22,96,96,92,94,62000,94
2001-01-19,92,97,91,94,124000,94
2001-01-18,89,92,89,92,80000,92
2001-01-17,88,92,88,90,63000,90
2001-01-16,89,92,87,92,169000,92
2001-01-15,88,93,88,93,108000,93
2001-01-12,89,94,89,93,176000,93
2001-01-11,97,97,93,94,166000,94
2001-01-10,95,97,94,97,104000,97
2001-01-09,95,98,95,98,66000,98
2001-01-05,98,99,97,99,65000,99
2001-01-04,99,100,97,100,45000,100
2000-12-29,99,100,99,100,67000,100
2000-12-28,96,100,96,100,101000,100
2000-12-27,97,99,96,99,119000,99
2000-12-26,98,100,98,99,65000,99
2000-12-25,99,100,96,100,215000,100
2000-12-22,94,97,93,97,217000,97
2000-12-21,96,97,94,96,256000,96
2000-12-20,99,99,97,99,107000,99
2000-12-19,100,101,97,100,192000,100
2000-12-18,100,102,100,101,303000,101
2000-12-15,100,102,97,102,1029000,102
2000-12-14,104,105,100,100,1247000,100
2000-12-13,102,102,99,102,594000,102
2000-12-12,101,102,100,102,290000,102
2000-12-11,100,103,98,100,694000,100
2000-12-08,96,98,96,98,235000,98
2000-12-07,97,98,96,98,184000,98
2000-12-06,98,99,95,98,464000,98
2000-12-05,100,101,96,99,681000,99
2000-12-04,93,95,93,95,405000,95
2000-12-01,90,93,89,93,352000,93
2000-11-30,86,90,86,90,577000,90
2000-11-29,87,87,86,86,124000,86
2000-11-28,86,87,86,87,179000,87
2000-11-27,88,89,86,87,153000,87
2000-11-24,88,89,86,88,342000,88
2000-11-22,86,87,85,87,227000,87
2000-11-21,85,86,84,85,333000,85
2000-11-20,83,85,83,84,207000,84
2000-11-17,80,83,79,83,198000,83
2000-11-16,82,83,80,82,231000,82
2000-11-15,79,84,79,82,569000,82
2000-11-14,74,79,74,78,337000,78
2000-11-13,76,76,74,76,320000,76
2000-11-10,74,75,73,74,232000,74
2000-11-09,75,75,73,74,39000,74
2000-11-08,74,75,73,73,64000,73
2000-11-07,75,75,73,75,566000,75
2000-11-06,73,75,73,75,337000,75
2000-11-02,72,73,71,73,117000,73
2000-11-01,73,73,72,72,366000,72
2000-10-31,72,76,71,73,304000,73
2000-10-30,71,73,70,73,324000,73
2000-10-27,75,75,71,74,160000,74
2000-10-26,73,75,70,75,631000,75
2000-10-25,76,76,73,73,459000,73
2000-10-24,75,75,74,75,198000,75
2000-10-23,77,77,74,74,560000,74
2000-10-20,77,79,75,77,612000,77
2000-10-19,77,79,77,79,280000,79
2000-10-18,79,80,75,79,643000,79
2000-10-17,81,83,80,82,299000,82
2000-10-16,83,84,80,83,647000,83
2000-10-13,82,83,81,82,258000,82
2000-10-12,83,83,82,83,105000,83
2000-10-11,85,85,82,84,290000,84
2000-10-10,83,85,82,85,312000,85
2000-10-06,80,92,80,88,1128000,88
2000-10-05,82,83,80,80,670000,80
2000-10-04,82,84,81,83,626000,83
2000-10-03,85,85,82,83,937000,83
2000-10-02,85,85,78,83,4791000,83
2000-09-29,93,94,76,76,5455000,76
2000-09-28,97,97,93,94,304000,94
2000-09-27,95,97,93,97,437000,97
2000-09-26,97,101,94,96,448000,96
2000-09-25,102,102,98,101,478000,101
2000-09-22,96,97,95,97,171000,97
2000-09-21,97,97,95,95,193000,95
2000-09-20,94,97,94,95,259000,95
2000-09-19,95,96,92,94,164000,94
2000-09-18,97,97,93,93,265000,93
2000-09-14,96,98,94,94,608000,94
2000-09-13,96,96,93,93,381000,93
2000-09-12,96,97,94,94,602000,94
2000-09-11,99,99,91,95,2542000,95
2000-09-08,103,104,102,104,1421000,104
2000-09-07,106,106,100,101,572000,101
2000-09-06,108,108,105,106,221000,106
2000-09-05,110,110,108,108,133000,108
2000-09-04,109,110,108,108,83000,108
2000-09-01,111,113,109,109,88000,109
2000-08-31,112,112,108,112,196000,112
2000-08-30,113,113,108,109,223000,109
2000-08-29,116,117,114,114,227000,114
2000-08-28,117,120,116,119,153000,119
2000-08-25,120,120,116,117,228000,117
2000-08-24,116,120,116,120,488000,120
2000-08-23,116,118,116,116,133000,116
2000-08-22,117,120,116,119,343000,119
2000-08-21,116,117,115,117,88000,117
2000-08-18,115,117,115,117,191000,117
2000-08-17,115,117,115,117,86000,117
2000-08-16,115,117,115,117,144000,117
2000-08-15,113,117,113,117,183000,117
2000-08-14,112,115,112,115,142000,115
2000-08-11,110,114,110,112,596000,112
2000-08-10,108,112,108,112,106000,112
2000-08-09,110,112,108,112,134000,112
2000-08-08,110,113,107,109,154000,109
2000-08-07,108,114,108,113,220000,113
2000-08-04,106,110,106,110,256000,110
2000-08-03,107,109,106,107,183000,107
2000-08-02,107,109,106,109,133000,109
2000-08-01,106,109,106,106,212000,106
2000-07-31,109,110,105,105,257000,105
2000-07-28,110,112,109,109,191000,109
2000-07-27,112,113,109,110,413000,110
2000-07-26,113,114,110,110,201000,110
2000-07-25,114,114,113,114,290000,114
2000-07-24,115,115,113,113,143000,113
2000-07-21,116,117,115,116,97000,116
2000-07-19,116,116,113,115,201000,115
2000-07-18,119,120,116,117,259000,117
2000-07-17,120,122,119,120,169000,120
2000-07-14,118,124,118,118,418000,118
2000-07-13,122,123,118,119,293000,119
2000-07-12,126,126,123,125,153000,125
2000-07-11,125,125,124,125,251000,125
2000-07-10,125,125,122,123,171000,123
2000-07-07,124,124,121,123,179000,123
2000-07-06,121,124,120,120,177000,120
2000-07-05,124,125,120,120,183000,120
2000-07-04,125,127,122,123,215000,123
2000-07-03,122,125,122,125,254000,125
2000-06-30,119,122,119,122,109000,122
2000-06-29,120,122,119,119,69000,119
2000-06-28,120,122,117,118,141000,118
2000-06-27,117,121,116,118,185000,118
2000-06-26,116,117,116,117,76000,117
2000-06-23,118,118,116,116,201000,116
2000-06-22,115,117,115,116,168000,116
2000-06-21,116,118,115,116,150000,116
2000-06-20,118,119,117,119,152000,119
2000-06-19,121,121,117,118,88000,118
2000-06-16,122,123,120,121,446000,121
2000-06-15,118,119,117,118,168000,118
2000-06-14,117,118,116,118,271000,118
2000-06-13,117,117,115,115,149000,115
2000-06-12,115,117,113,117,338000,117
2000-06-09,110,115,110,113,1498000,113
2000-06-08,115,115,113,113,118000,113
2000-06-07,113,115,113,115,228000,115
2000-06-06,113,115,113,115,161000,115
2000-06-05,113,115,113,114,182000,114
2000-06-02,114,116,113,113,239000,113
2000-06-01,115,117,113,117,133000,117
2000-05-31,113,115,113,114,176000,114
2000-05-30,114,116,112,112,120000,112
2000-05-29,115,118,115,118,65000,118
2000-05-26,115,117,114,114,194000,114
2000-05-25,120,120,115,118,202000,118
2000-05-24,119,120,117,117,264000,117
2000-05-23,118,120,116,119,280000,119
2000-05-22,116,118,114,118,297000,118
2000-05-19,117,118,113,114,199000,114
2000-05-18,115,118,115,118,253000,118
2000-05-17,116,118,116,117,115000,117
2000-05-16,116,118,116,118,135000,118
2000-05-15,114,117,114,117,172000,117
2000-05-12,114,115,113,114,1403000,114
2000-05-11,118,118,113,117,349000,117
2000-05-10,119,119,116,118,246000,118
2000-05-09,118,120,118,118,99000,118
2000-05-08,120,121,115,118,130000,118
2000-05-02,116,119,116,117,94000,117
2000-05-01,117,119,113,116,209000,116
2000-04-28,111,114,111,111,409000,111
2000-04-27,114,119,111,116,293000,116
2000-04-26,119,119,114,114,484000,114
2000-04-25,129,129,115,118,528000,118
2000-04-24,115,125,113,124,1017000,124
2000-04-21,116,121,107,107,2223000,107
2000-04-20,123,128,114,115,954000,115
2000-04-19,127,132,123,129,580000,129
2000-04-18,132,135,125,128,530000,128
2000-04-17,130,142,130,138,535000,138
2000-04-14,140,145,138,145,719000,145
2000-04-13,136,142,136,141,314000,141
2000-04-12,134,139,131,139,283000,139
2000-04-11,135,135,130,133,164000,133
2000-04-10,130,132,129,130,177000,130
2000-04-07,132,135,130,130,300000,130
2000-04-06,134,136,131,131,297000,131
2000-04-05,130,135,128,134,192000,134
2000-04-04,131,132,127,127,303000,127
2000-04-03,128,134,126,128,397000,128
2000-03-31,132,134,126,129,201000,129
2000-03-30,135,139,128,128,169000,128
2000-03-29,142,143,138,139,265000,139
2000-03-28,143,143,138,143,164000,143
2000-03-27,130,145,129,145,770000,145
2000-03-24,130,133,128,132,718000,132
2000-03-23,129,130,125,125,207000,125
2000-03-22,129,131,125,129,398000,129
2000-03-21,129,130,127,129,151000,129
2000-03-17,130,130,125,130,394000,130
2000-03-16,130,130,124,126,415000,126
2000-03-15,135,135,125,128,446000,128
2000-03-14,149,150,140,140,362000,140
2000-03-13,146,152,142,149,668000,149
2000-03-10,149,149,141,141,2168000,141
2000-03-09,128,135,128,134,302000,134
2000-03-08,130,134,129,130,302000,130
2000-03-07,120,132,120,132,536000,132
2000-03-06,115,120,111,120,342000,120
2000-03-03,112,113,110,113,249000,113
2000-03-02,112,114,111,113,260000,113
2000-03-01,113,115,113,113,168000,113
2000-02-29,112,115,111,115,223000,115
2000-02-28,114,118,113,113,210000,113
2000-02-25,119,119,113,116,301000,116
2000-02-24,118,119,114,114,265000,114
2000-02-23,118,123,118,118,170000,118
2000-02-22,118,123,118,120,223000,120
2000-02-21,122,123,118,118,107000,118
2000-02-18,119,123,115,123,187000,123
2000-02-17,124,126,118,121,126000,121
2000-02-16,122,125,118,122,607000,122
2000-02-15,120,125,120,123,345000,123
2000-02-14,125,125,122,122,213000,122
2000-02-10,121,125,121,121,489000,121
2000-02-09,121,123,121,122,143000,122
2000-02-08,121,125,121,125,179000,125
2000-02-07,121,124,121,122,101000,122
2000-02-04,122,124,120,120,289000,120
2000-02-03,123,125,122,122,126000,122
2000-02-02,124,127,122,122,196000,122
2000-02-01,122,128,122,127,230000,127
2000-01-31,123,126,122,126,201000,126
2000-01-28,126,129,123,123,374000,123
2000-01-27,125,129,123,124,177000,124
2000-01-26,130,130,125,125,162000,125
2000-01-25,135,135,124,125,340000,125
2000-01-24,130,135,129,130,144000,130
2000-01-21,138,139,130,134,232000,134
2000-01-20,140,140,137,140,236000,140
2000-01-19,132,138,132,136,194000,136
2000-01-18,136,138,132,137,158000,137
2000-01-17,126,143,126,140,324000,140
2000-01-14,123,128,123,125,533000,125
2000-01-13,124,125,121,123,267000,123
2000-01-12,122,124,120,120,277000,120
2000-01-11,127,127,120,124,345000,124
2000-01-07,125,125,120,124,208000,124
2000-01-06,128,128,120,120,212000,120
2000-01-05,125,130,120,123,303000,123
2000-01-04,124,125,119,119,159000,119
