2017-02-03,1577,1604,1555,1566,1018300,1566
2017-02-02,1567,1580,1540,1542,827700,1542
2017-02-01,1588,1594,1552,1556,1611600,1556
2017-01-31,1593,1623,1587,1610,1000800,1610
2017-01-30,1661,1670,1642,1653,633700,1653
2017-01-27,1678,1679,1661,1674,616600,1674
2017-01-26,1647,1667,1644,1666,759100,1666
2017-01-25,1614,1627,1606,1619,438900,1619
2017-01-24,1563,1600,1561,1579,770600,1579
2017-01-23,1582,1604,1560,1562,969400,1562
2017-01-20,1586,1612,1583,1605,559500,1605
2017-01-19,1590,1599,1575,1599,589600,1599
2017-01-18,1550,1583,1536,1576,706500,1576
2017-01-17,1571,1588,1560,1560,638700,1560
2017-01-16,1593,1598,1561,1571,540200,1571
2017-01-13,1592,1605,1580,1601,738900,1601
2017-01-12,1622,1634,1591,1603,840700,1603
2017-01-11,1599,1645,1593,1636,1230500,1636
2017-01-10,1585,1599,1567,1578,802700,1578
2017-01-06,1587,1587,1563,1576,1193400,1576
2017-01-05,1625,1633,1602,1627,685900,1627
2017-01-04,1609,1630,1596,1620,929200,1620
2016-12-30,1578,1578,1551,1573,727200,1573
2016-12-29,1601,1606,1581,1587,524100,1587
2016-12-28,1614,1624,1598,1612,425500,1612
2016-12-27,1583,1615,1565,1604,789000,1604
2016-12-26,1621,1635,1600,1607,414800,1607
2016-12-22,1620,1624,1597,1618,685100,1618
2016-12-21,1640,1666,1621,1629,1050000,1629
2016-12-20,1618,1629,1597,1623,1340000,1623
2016-12-19,1700,1700,1674,1685,461300,1685
2016-12-16,1702,1729,1700,1711,526300,1711
2016-12-15,1687,1716,1679,1691,606200,1691
2016-12-14,1686,1688,1663,1673,449900,1673
2016-12-13,1648,1678,1629,1674,802100,1674
2016-12-12,1683,1685,1641,1657,751100,1657
2016-12-09,1656,1680,1645,1660,830100,1660
2016-12-08,1687,1696,1633,1646,1011500,1646
2016-12-07,1600,1653,1600,1644,974000,1644
2016-12-06,1573,1595,1572,1586,638200,1586
2016-12-05,1551,1554,1537,1551,629700,1551
2016-12-02,1560,1571,1548,1569,645000,1569
2016-12-01,1560,1597,1548,1573,962300,1573
2016-11-30,1560,1571,1548,1554,469300,1554
2016-11-29,1541,1553,1531,1551,560900,1551
2016-11-28,1536,1555,1524,1541,912800,1541
2016-11-25,1550,1588,1546,1551,841400,1551
2016-11-24,1537,1552,1524,1549,586900,1549
2016-11-22,1541,1541,1507,1531,635500,1531
2016-11-21,1530,1548,1523,1542,707200,1542
2016-11-18,1493,1523,1486,1516,1217900,1516
2016-11-17,1453,1466,1436,1463,745300,1463
2016-11-16,1494,1494,1452,1465,836600,1465
2016-11-15,1447,1473,1446,1470,779300,1470
2016-11-14,1413,1454,1411,1445,828200,1445
2016-11-11,1405,1427,1390,1392,761500,1392
2016-11-10,1406,1406,1369,1396,1179200,1396
2016-11-09,1380,1395,1284,1304,1537400,1304
2016-11-08,1360,1392,1360,1381,1080200,1381
2016-11-07,1356,1365,1333,1360,1013900,1360
2016-11-04,1315,1331,1281,1326,1657600,1326
2016-11-02,1430,1448,1305,1334,3565500,1334
2016-11-01,1526,1544,1518,1538,746300,1538
2016-10-31,1513,1533,1511,1525,691400,1525
2016-10-28,1525,1542,1517,1525,1976200,1525
2016-10-27,1524,1533,1497,1511,540500,1511
2016-10-26,1516,1526,1496,1519,725100,1519
2016-10-25,1495,1517,1495,1517,467800,1517
2016-10-24,1520,1523,1484,1505,763200,1505
2016-10-21,1520,1548,1519,1524,831700,1524
2016-10-20,1500,1511,1497,1509,664400,1509
2016-10-19,1491,1496,1476,1495,614600,1495
2016-10-18,1495,1508,1485,1496,657100,1496
2016-10-17,1483,1494,1474,1490,487400,1490
2016-10-14,1454,1477,1452,1471,607000,1471
2016-10-13,1488,1499,1450,1459,978000,1459
2016-10-12,1456,1496,1445,1482,1036300,1482
2016-10-11,1458,1489,1457,1468,808000,1468
2016-10-07,1430,1462,1422,1462,705400,1462
2016-10-06,1458,1469,1445,1450,706400,1450
2016-10-05,1395,1448,1386,1440,1103800,1440
2016-10-04,1350,1386,1343,1383,646000,1383
2016-10-03,1359,1364,1348,1350,365800,1350
2016-09-30,1352,1352,1336,1348,560000,1348
2016-09-29,1365,1388,1359,1380,458000,1380
2016-09-28,1332,1355,1332,1345,468100,1345
2016-09-27,1312,1342,1299,1342,511700,1342
2016-09-26,1341,1342,1321,1332,443300,1332
2016-09-23,1339,1345,1330,1341,426700,1341
2016-09-21,1325,1364,1301,1362,669800,1362
2016-09-20,1305,1331,1300,1315,570200,1315
2016-09-16,1323,1339,1319,1335,512700,1335
2016-09-15,1316,1320,1304,1309,499800,1309
2016-09-14,1307,1336,1305,1316,714600,1316
2016-09-13,1299,1314,1296,1301,404400,1301
2016-09-12,1307,1312,1287,1290,442200,1290
2016-09-09,1303,1342,1299,1332,916400,1332
2016-09-08,1318,1332,1304,1311,487300,1311
2016-09-07,1323,1335,1307,1316,796400,1316
2016-09-06,1344,1353,1331,1341,754100,1341
2016-09-05,1350,1357,1340,1341,782000,1341
2016-09-02,1345,1345,1313,1326,809000,1326
2016-09-01,1320,1361,1315,1351,1106000,1351
2016-08-31,1305,1313,1299,1310,774200,1310
2016-08-30,1281,1290,1266,1285,634400,1285
2016-08-29,1259,1283,1248,1280,819500,1280
2016-08-26,1264,1267,1235,1235,795500,1235
2016-08-25,1259,1272,1251,1263,968100,1263
2016-08-24,1263,1280,1257,1259,474800,1259
2016-08-23,1287,1287,1246,1250,961300,1250
2016-08-22,1319,1320,1296,1302,596900,1302
2016-08-19,1295,1324,1294,1313,881500,1313
2016-08-18,1274,1308,1266,1291,754200,1291
2016-08-17,1262,1292,1256,1287,1172200,1287
2016-08-16,1311,1323,1294,1295,584700,1295
2016-08-15,1312,1326,1312,1314,445600,1314
2016-08-12,1322,1333,1307,1318,774200,1318
2016-08-10,1329,1332,1302,1309,667000,1309
2016-08-09,1330,1332,1316,1329,729500,1329
2016-08-08,1320,1339,1311,1330,1153800,1330
2016-08-05,1290,1308,1274,1290,1003600,1290
2016-08-04,1250,1294,1244,1290,976800,1290
2016-08-03,1218,1254,1213,1236,1220400,1236
2016-08-02,1255,1272,1238,1245,2174100,1245
2016-08-01,1326,1329,1304,1315,1137300,1315
2016-07-29,1315,1340,1298,1325,1431800,1325
2016-07-28,1311,1320,1296,1305,755000,1305
2016-07-27,1300,1334,1293,1320,1460900,1320
2016-07-26,1268,1276,1255,1266,1140700,1266
2016-07-25,1266,1299,1266,1290,933100,1290
2016-07-22,1252,1277,1247,1272,1381300,1272
2016-07-21,1284,1308,1279,1295,654800,1295
2016-07-20,1253,1268,1245,1265,715400,1265
2016-07-19,1261,1273,1244,1261,1057100,1261
2016-07-15,1233,1262,1225,1258,1566400,1258
2016-07-14,1200,1238,1184,1228,897600,1228
2016-07-13,1204,1224,1200,1212,1100300,1212
2016-07-12,1162,1186,1150,1169,1294600,1169
2016-07-11,1120,1136,1109,1132,591500,1132
2016-07-08,1080,1101,1077,1082,1061800,1082
2016-07-07,1074,1089,1066,1077,966500,1077
2016-07-06,1104,1104,1064,1072,1328600,1072
2016-07-05,1139,1152,1122,1127,554400,1127
2016-07-04,1122,1148,1118,1146,679800,1146
2016-07-01,1170,1175,1147,1152,658000,1152
2016-06-30,1171,1181,1150,1150,1240500,1150
2016-06-29,1107,1168,1099,1161,1608500,1161
2016-06-28,1100,1109,1068,1094,1851100,1094
2016-06-27,1190,1190,1107,1112,1774100,1112
2016-06-24,1298,1305,1198,1207,1627600,1207
2016-06-23,1276,1298,1264,1297,464200,1297
2016-06-22,1255,1279,1245,1270,1156600,1270
2016-06-21,1225,1253,1216,1252,1253200,1252
2016-06-20,1251,1277,1243,1270,930500,1270
2016-06-17,1221,1242,1211,1239,1903100,1239
2016-06-16,1264,1264,1220,1228,1223800,1228
2016-06-15,1239,1276,1235,1265,625400,1265
2016-06-14,1245,1255,1237,1240,691900,1240
2016-06-13,1272,1295,1252,1252,1300800,1252
2016-06-10,1299,1302,1284,1295,655800,1295
2016-06-09,1321,1337,1284,1297,1291600,1297
2016-06-08,1333,1340,1321,1335,598300,1335
2016-06-07,1325,1348,1325,1333,613100,1333
2016-06-06,1304,1333,1295,1323,866800,1323
2016-06-03,1342,1357,1329,1337,697100,1337
2016-06-02,1373,1380,1336,1342,757500,1342
2016-06-01,1395,1406,1366,1386,1011800,1386
2016-05-31,1388,1414,1381,1410,884800,1410
2016-05-30,1380,1403,1373,1401,916900,1401
2016-05-27,1341,1374,1334,1366,1195400,1366
2016-05-26,1327,1367,1316,1328,1645700,1328
2016-05-25,1398,1414,1383,1383,1131000,1383
2016-05-24,1375,1388,1355,1372,715600,1372
2016-05-23,1363,1387,1350,1383,926600,1383
2016-05-20,1331,1377,1321,1373,1117400,1373
2016-05-19,1345,1358,1333,1339,825300,1339
2016-05-18,1321,1342,1309,1331,714600,1331
2016-05-17,1306,1324,1294,1324,874600,1324
2016-05-16,1278,1324,1276,1302,937800,1302
2016-05-13,1330,1333,1275,1275,1195200,1275
2016-05-12,1299,1331,1286,1328,1090100,1328
2016-05-11,1325,1337,1308,1323,1705700,1323
2016-05-10,1272,1323,1247,1321,1622300,1321
2016-05-09,1305,1306,1281,1282,840400,1282
2016-05-06,1331,1335,1289,1293,1308800,1293
2016-05-02,1346,1352,1317,1325,2849700,1325
2016-04-28,1378,1447,1373,1394,3797400,1394
2016-04-27,1434,1440,1315,1353,4522100,1353
2016-04-26,1515,1516,1463,1469,1279200,1469
2016-04-25,1510,1527,1498,1515,1125400,1515
2016-04-22,1513,1528,1497,1527,1091600,1527
2016-04-21,1497,1532,1478,1531,1444000,1531
2016-04-20,1495,1505,1465,1476,816800,1476
2016-04-19,1450,1475,1448,1474,1125200,1474
2016-04-18,1394,1433,1392,1420,1264100,1420
2016-04-15,1461,1492,1459,1470,1048100,1470
2016-04-14,1488,1509,1472,1490,1448900,1490
2016-04-13,1443,1465,1419,1461,1886500,1461
2016-04-12,1338,1428,1331,1413,1534600,1413
2016-04-11,1336,1350,1302,1349,1298800,1349
2016-04-08,1267,1368,1255,1348,1583800,1348
2016-04-07,1300,1315,1267,1297,1005400,1297
2016-04-06,1293,1323,1290,1302,799400,1302
2016-04-05,1330,1344,1292,1294,1633600,1294
2016-04-04,1310,1354,1310,1337,1257500,1337
2016-04-01,1367,1371,1305,1311,1307900,1311
2016-03-31,1385,1408,1372,1376,1242700,1376
2016-03-30,1387,1389,1348,1372,1318900,1372
2016-03-29,1375,1389,1360,1386,981500,1386
2016-03-28,1396,1399,1366,1384,1109800,1384
2016-03-25,1353,1376,1336,1373,1028000,1373
2016-03-24,1368,1377,1331,1339,1650700,1339
2016-03-23,1413,1416,1366,1376,1037300,1376
2016-03-22,1406,1412,1383,1405,1444000,1405
2016-03-18,1410,1421,1374,1388,1104500,1388
2016-03-17,1430,1438,1406,1418,1322400,1418
2016-03-16,1440,1452,1428,1444,489000,1444
2016-03-15,1469,1492,1451,1453,866000,1453
2016-03-14,1467,1481,1452,1471,621800,1471
2016-03-11,1438,1458,1421,1446,1288200,1446
2016-03-10,1458,1462,1438,1455,764700,1455
2016-03-09,1440,1448,1395,1436,1477000,1436
2016-03-08,1475,1502,1454,1473,662800,1473
2016-03-07,1493,1507,1483,1493,577100,1493
2016-03-04,1458,1514,1458,1493,978500,1493
2016-03-03,1429,1467,1429,1458,955800,1458
2016-03-02,1422,1455,1419,1442,1053100,1442
2016-03-01,1369,1393,1335,1385,998100,1385
2016-02-29,1389,1422,1371,1371,1214100,1371
2016-02-26,1368,1385,1362,1365,698900,1365
2016-02-25,1354,1380,1351,1359,1178600,1359
2016-02-24,1349,1365,1328,1355,1363100,1355
2016-02-23,1363,1392,1351,1358,870700,1358
2016-02-22,1323,1367,1318,1353,1291500,1353
2016-02-19,1340,1358,1310,1327,1016100,1327
2016-02-18,1352,1374,1346,1355,1222100,1355
2016-02-17,1320,1354,1307,1329,1986600,1329
2016-02-16,1315,1365,1294,1326,1756800,1326
2016-02-15,1276,1306,1275,1290,1496300,1290
2016-02-12,1234,1305,1223,1236,3271700,1236
2016-02-10,1297,1313,1255,1261,2497400,1261
2016-02-09,1349,1351,1284,1290,1876500,1290
2016-02-08,1392,1392,1358,1383,2052400,1383
2016-02-05,1419,1487,1397,1412,3305400,1412
2016-02-04,1543,1584,1531,1551,1585900,1551
2016-02-03,1596,1596,1543,1575,1633200,1575
2016-02-02,1680,1680,1619,1624,1582000,1624
2016-02-01,1700,1708,1674,1687,1753600,1687
2016-01-29,1620,1682,1595,1679,2134300,1679
2016-01-28,1642,1647,1597,1606,1864600,1606
2016-01-27,1665,1672,1647,1659,1361200,1659
2016-01-26,1607,1619,1589,1605,1473100,1605
2016-01-25,1640,1659,1604,1646,1583500,1646
2016-01-22,1571,1610,1551,1607,1160300,1607
2016-01-21,1501,1589,1501,1527,1951300,1527
2016-01-20,1580,1583,1506,1508,1337100,1508
2016-01-19,1524,1582,1523,1570,995800,1570
2016-01-18,1517,1550,1502,1540,1169000,1540
2016-01-15,1602,1622,1564,1566,3560200,1566
2016-01-14,1551,1585,1534,1579,1257200,1579
2016-01-13,1547,1609,1547,1600,1354000,1600
2016-01-12,1536,1569,1529,1546,1898800,1546
2016-01-08,1615,1664,1612,1616,2000000,1616
2016-01-07,1635,1639,1607,1610,1243900,1610
2016-01-06,1670,1685,1644,1649,1509100,1649
2016-01-05,1698,1702,1666,1671,1184100,1671
2016-01-04,1720,1738,1692,1704,791200,1704
2015-12-30,1747,1784,1739,1743,818900,1743
2015-12-29,1719,1757,1717,1753,1237500,1753
2015-12-28,1709,1730,1705,1710,924400,1710
2015-12-25,1720,1727,1690,1700,1020100,1700
2015-12-24,1745,1759,1716,1725,938500,1725
2015-12-22,1745,1750,1712,1713,1290900,1713
2015-12-21,1761,1769,1723,1752,1633600,1752
2015-12-18,1775,1823,1733,1741,2134000,1741
2015-12-17,1794,1796,1758,1765,1217900,1765
2015-12-16,1782,1787,1768,1775,1171300,1775
2015-12-15,1778,1783,1744,1753,1697300,1753
2015-12-14,1800,1806,1764,1774,2009100,1774
2015-12-11,1831,1866,1828,1863,1577900,1863
2015-12-10,1840,1860,1828,1841,1520400,1841
2015-12-09,1860,1865,1837,1851,2130200,1851
2015-12-08,1925,1929,1884,1897,1515000,1897
2015-12-07,1928,1942,1914,1928,2068400,1928
2015-12-04,1879,1909,1868,1887,1881800,1887
2015-12-03,1890,1916,1884,1911,1386700,1911
2015-12-02,1977,1980,1907,1913,2325300,1913
2015-12-01,1916,1998,1908,1982,2181800,1982
2015-11-30,1966,1987,1930,1930,9223100,1930
2015-11-27,1977,2015,1967,1983,1539300,1983
2015-11-26,2003,2005,1963,1967,1491900,1967
2015-11-25,1992,2013,1978,2009,1439600,2009
2015-11-24,2050,2055,1981,1999,3110900,1999
2015-11-20,1970,2059,1967,2050,2185300,2050
2015-11-19,1987,2000,1950,1967,1270300,1967
2015-11-18,1950,1995,1950,1970,1649600,1970
2015-11-17,1884,1948,1884,1940,1732600,1940
2015-11-16,1824,1873,1810,1868,1694100,1868
2015-11-13,1830,1875,1830,1856,2275800,1856
2015-11-12,1841,1872,1837,1869,1749700,1869
2015-11-11,1855,1873,1840,1841,2101200,1841
2015-11-10,1860,1882,1853,1878,1198900,1878
2015-11-09,1876,1908,1863,1892,1835100,1892
2015-11-06,1866,1869,1837,1858,1451800,1858
2015-11-05,1870,1888,1855,1860,1660200,1860
2015-11-04,1839,1884,1821,1868,3189200,1868
2015-11-02,1811,1894,1771,1811,6318500,1811
2015-10-30,1697,1704,1666,1678,1432500,1678
2015-10-29,1715,1731,1694,1695,1747300,1695
2015-10-28,1711,1732,1688,1700,761400,1700
2015-10-27,1758,1762,1695,1700,1645500,1700
2015-10-26,1738,1772,1722,1758,1404900,1758
2015-10-23,1730,1768,1730,1735,1322500,1735
2015-10-22,1694,1727,1694,1706,1067200,1706
2015-10-21,1660,1707,1654,1700,1571000,1700
2015-10-20,1650,1662,1639,1651,1535500,1651
2015-10-19,1659,1670,1627,1640,1394700,1640
2015-10-16,1683,1704,1651,1660,1762400,1660
2015-10-15,1660,1688,1649,1674,1056600,1674
2015-10-14,1707,1720,1658,1667,1170300,1667
2015-10-13,1709,1740,1709,1719,1238500,1719
2015-10-09,1700,1755,1699,1750,1381000,1750
2015-10-08,1681,1714,1668,1683,965000,1683
2015-10-07,1618,1677,1618,1669,1239000,1669
2015-10-06,1654,1656,1622,1627,761900,1627
2015-10-05,1620,1635,1607,1616,846600,1616
2015-10-02,1567,1604,1551,1600,899300,1600
2015-10-01,1558,1598,1557,1585,1207900,1585
2015-09-30,1550,1571,1545,1563,1505400,1563
2015-09-29,1561,1570,1489,1502,2399000,1502
2015-09-28,1596,1606,1552,1561,1500500,1561
2015-09-25,1562,1586,1552,1573,1998300,1573
2015-09-24,1690,1700,1550,1551,4279100,1551
2015-09-18,1707,1717,1666,1683,1454200,1683
2015-09-17,1704,1752,1703,1724,718800,1724
2015-09-16,1696,1726,1676,1703,1005300,1703
2015-09-15,1718,1753,1694,1694,840000,1694
2015-09-14,1715,1732,1695,1703,941300,1703
2015-09-11,1753,1759,1698,1703,1097200,1703
2015-09-10,1692,1718,1687,1713,684100,1713
2015-09-09,1709,1732,1692,1732,981900,1732
2015-09-08,1645,1690,1635,1656,847000,1656
2015-09-07,1627,1662,1605,1645,588900,1645
2015-09-04,1710,1710,1631,1648,937900,1648
2015-09-03,1702,1722,1683,1692,864500,1692
2015-09-02,1637,1678,1624,1660,1795400,1660
2015-09-01,1715,1740,1670,1670,1482700,1670
2015-08-31,1750,1754,1701,1715,1148400,1715
2015-08-28,1750,1786,1745,1769,815200,1769
2015-08-27,1742,1744,1697,1705,1269700,1705
2015-08-26,1670,1719,1667,1702,1639800,1702
2015-08-25,1638,1724,1631,1631,1884500,1631
2015-08-24,1728,1748,1674,1675,1570300,1675
2015-08-21,1798,1821,1795,1796,1389200,1796
2015-08-20,1892,1895,1853,1859,1094600,1859
2015-08-19,1927,1927,1886,1891,783500,1891
2015-08-18,1967,1979,1940,1942,1153300,1942
2015-08-17,1968,1985,1957,1985,781200,1985
2015-08-14,1960,1977,1949,1963,540800,1963
2015-08-13,1960,1979,1955,1965,601600,1965
2015-08-12,1965,1981,1950,1964,1267500,1964
2015-08-11,1965,1997,1963,1976,884500,1976
2015-08-10,1971,1971,1937,1956,1007900,1956
2015-08-07,1944,1978,1941,1972,1233300,1972
2015-08-06,1960,1972,1926,1948,1332600,1948
2015-08-05,1891,1923,1872,1918,1267300,1918
2015-08-04,1956,1959,1880,1891,2016500,1891
2015-08-03,1970,2002,1923,1935,2312200,1935
2015-07-31,1997,2075,1990,2053,958100,2053
2015-07-30,1989,2010,1968,1978,1110100,1978
2015-07-29,2018,2018,1952,1957,1234400,1957
2015-07-28,2010,2031,1989,2017,726400,2017
2015-07-27,2050,2050,2012,2020,909400,2020
2015-07-24,2050,2059,2030,2051,682200,2051
2015-07-23,2069,2099,2046,2061,1248000,2061
2015-07-22,2040,2059,2020,2041,1964200,2041
2015-07-21,2040,2044,2011,2017,1185300,2017
2015-07-17,2031,2046,2018,2024,805800,2024
2015-07-16,2080,2090,1995,2003,2226900,2003
2015-07-15,2047,2052,2020,2030,1086200,2030
2015-07-14,2029,2054,2018,2028,1051000,2028
2015-07-13,2000,2023,1992,1998,689100,1998
2015-07-10,2005,2019,1971,1979,1542600,1979
2015-07-09,1948,1981,1900,1981,1179100,1981
2015-07-08,2047,2057,1983,1985,1094700,1985
2015-07-07,2063,2106,2062,2070,1046800,2070
2015-07-06,2101,2105,2049,2065,777000,2065
2015-07-03,2105,2119,2085,2105,860900,2105
2015-07-02,2118,2137,2090,2099,946200,2099
2015-07-01,2082,2091,2066,2077,685600,2077
2015-06-30,2110,2110,2060,2070,1491300,2070
2015-06-29,2100,2121,2085,2112,1017200,2112
2015-06-26,2144,2159,2128,2144,564800,2144
2015-06-25,2144,2165,2137,2142,697700,2142
2015-06-24,2146,2167,2138,2155,1121800,2155
2015-06-23,2135,2139,2115,2120,1696600,2120
2015-06-22,2095,2119,2094,2118,814000,2118
2015-06-19,2112,2129,2094,2100,1030100,2100
2015-06-18,2129,2133,2094,2100,608800,2100
2015-06-17,2155,2172,2117,2126,938000,2126
2015-06-16,2146,2177,2146,2153,1122200,2153
2015-06-15,2177,2177,2145,2152,869500,2152
2015-06-12,2206,2218,2180,2199,1895400,2199
2015-06-11,2178,2206,2141,2163,1536300,2163
2015-06-10,2171,2200,2149,2159,1284400,2159
2015-06-09,2220,2229,2170,2171,1587200,2171
2015-06-08,2260,2270,2222,2232,1249000,2232
2015-06-05,2270,2289,2233,2253,1582800,2253
2015-06-04,2322,2359,2322,2331,1276800,2331
2015-06-03,2316,2332,2300,2322,907300,2322
2015-06-02,2300,2351,2300,2334,1176200,2334
2015-06-01,2300,2301,2272,2292,1146400,2292
2015-05-29,2320,2333,2302,2326,1023900,2326
2015-05-28,2347,2357,2304,2310,933900,2310
2015-05-27,2306,2338,2291,2317,1003700,2317
2015-05-26,2284,2302,2277,2294,298700,2294
2015-05-25,2302,2312,2279,2292,615000,2292
2015-05-22,2267,2298,2263,2292,801200,2292
2015-05-21,2210,2288,2204,2259,1891200,2259
2015-05-20,2345,2353,2308,2310,879900,2310
2015-05-19,2315,2347,2315,2320,964000,2320
2015-05-18,2310,2319,2273,2308,1026600,2308
2015-05-15,2358,2366,2297,2312,966400,2312
2015-05-14,2340,2356,2326,2343,544600,2343
2015-05-13,2323,2353,2320,2340,903200,2340
2015-05-12,2327,2346,2295,2315,683900,2315
2015-05-11,2345,2370,2315,2321,968600,2321
2015-05-08,2229,2309,2218,2295,1691900,2295
2015-05-07,2223,2242,2194,2216,1100300,2216
2015-05-01,2188,2266,2181,2246,2534500,2246
2015-04-30,2117,2119,2085,2100,1003200,2100
2015-04-28,2080,2107,2079,2106,947400,2106
2015-04-27,2135,2135,2099,2107,353000,2107
2015-04-24,2148,2160,2108,2109,657700,2109
2015-04-23,2100,2155,2091,2137,1193000,2137
2015-04-22,2097,2099,2066,2072,911300,2072
2015-04-21,2055,2082,2054,2074,1031200,2074
2015-04-20,2064,2066,2032,2039,462800,2039
2015-04-17,2115,2115,2062,2065,815800,2065
2015-04-16,2063,2120,2063,2116,1035300,2116
2015-04-15,2046,2067,2043,2061,541900,2061
2015-04-14,2023,2069,2012,2052,524500,2052
2015-04-13,2012,2055,2005,2037,454800,2037
2015-04-10,2039,2048,2017,2019,581200,2019
2015-04-09,2032,2041,2006,2022,648500,2022
2015-04-08,2035,2078,2032,2040,924100,2040
2015-04-07,2000,2025,2000,2012,545200,2012
2015-04-06,1992,2009,1979,1989,382500,1989
2015-04-03,1986,2002,1976,2002,430900,2002
2015-04-02,1975,2001,1958,1982,569000,1982
2015-04-01,2006,2010,1969,1972,913200,1972
2015-03-31,2028,2047,2014,2027,794700,2027
2015-03-30,2019,2023,1990,2009,463600,2009
2015-03-27,2095,2095,2006,2022,781800,2022
2015-03-26,2080,2089,2033,2039,700400,2039
2015-03-25,2078,2140,2071,2109,916500,2109
2015-03-24,2066,2085,2060,2077,497900,2077
2015-03-23,2067,2084,2049,2065,515700,2065
2015-03-20,2055,2065,2021,2057,874600,2057
2015-03-19,2074,2092,2045,2063,650200,2063
2015-03-18,2070,2092,2055,2088,480000,2088
2015-03-17,2050,2080,2039,2069,651600,2069
2015-03-16,2050,2061,2030,2054,598600,2054
2015-03-13,2051,2067,2035,2044,1128200,2044
2015-03-12,2021,2040,2002,2037,837700,2037
2015-03-11,2036,2053,2013,2025,831200,2025
2015-03-10,2050,2073,2038,2058,895400,2058
2015-03-09,2015,2050,2004,2033,538400,2033
2015-03-06,2040,2046,2022,2030,592300,2030
2015-03-05,1999,2044,1990,2025,904200,2025
2015-03-04,2029,2029,1995,2020,805000,2020
2015-03-03,2040,2053,2027,2036,1014500,2036
2015-03-02,2038,2064,2022,2027,1154800,2027
2015-02-27,2020,2039,2006,2013,898400,2013
2015-02-26,1994,2017,1989,2015,629700,2015
2015-02-25,1981,1998,1973,1993,579800,1993
2015-02-24,2008,2008,1972,1992,715800,1992
2015-02-23,1997,2023,1985,1989,1063500,1989
2015-02-20,1979,1989,1964,1980,861100,1980
2015-02-19,1930,1960,1920,1952,882900,1952
2015-02-18,1910,1929,1903,1921,911300,1921
2015-02-17,1898,1909,1876,1901,561900,1901
2015-02-16,1890,1903,1884,1899,801400,1899
2015-02-13,1883,1889,1857,1884,874700,1884
2015-02-12,1900,1909,1869,1874,1247100,1874
2015-02-10,1860,1875,1828,1873,1348100,1873
2015-02-09,1886,1894,1823,1851,1756800,1851
2015-02-06,1901,1906,1808,1856,2410300,1856
2015-02-05,1891,1945,1834,1895,3474300,1895
2015-02-04,1801,1830,1791,1818,1483600,1818
2015-02-03,1789,1794,1765,1778,984200,1778
2015-02-02,1770,1782,1753,1776,692400,1776
2015-01-30,1782,1812,1780,1784,757100,1784
2015-01-29,1778,1778,1761,1767,593500,1767
2015-01-28,1770,1792,1769,1787,534500,1787
2015-01-27,1765,1793,1745,1790,955300,1790
2015-01-26,1729,1753,1719,1752,1077000,1752
2015-01-23,1765,1771,1742,1755,1016500,1755
2015-01-22,1752,1760,1734,1753,800600,1753
2015-01-21,1774,1774,1740,1754,759800,1754
2015-01-20,1760,1774,1759,1771,603300,1771
2015-01-19,1713,1754,1696,1748,1323700,1748
2015-01-16,1694,1694,1673,1687,1238500,1687
2015-01-15,1742,1753,1703,1719,1600300,1719
2015-01-14,1772,1783,1730,1761,1296000,1761
2015-01-13,1772,1794,1741,1791,1062700,1791
2015-01-09,1774,1800,1770,1786,853900,1786
2015-01-08,1783,1798,1766,1771,946800,1771
2015-01-07,1731,1778,1725,1763,806700,1763
2015-01-06,1774,1780,1741,1746,1223800,1746
2015-01-05,1782,1816,1769,1800,764500,1800
2014-12-30,1800,1802,1785,1788,753800,1788
2014-12-29,1833,1840,1782,1805,602900,1805
2014-12-26,1811,1828,1803,1826,509600,1826
2014-12-25,1800,1822,1799,1803,511800,1803
2014-12-24,1824,1832,1796,1806,837000,1806
2014-12-22,1805,1819,1793,1815,692300,1815
2014-12-19,1800,1809,1792,1797,1164300,1797
2014-12-18,1780,1808,1768,1771,1081500,1771
2014-12-17,1729,1761,1722,1752,759600,1752
2014-12-16,1717,1743,1705,1734,841800,1734
2014-12-15,1760,1771,1736,1745,956000,1745
2014-12-12,1798,1832,1793,1798,894800,1798
2014-12-11,1764,1798,1753,1792,874200,1792
2014-12-10,1800,1810,1772,1783,1007500,1783
2014-12-09,1817,1830,1807,1816,594600,1816
2014-12-08,1850,1850,1826,1835,798400,1835
2014-12-05,1841,1853,1818,1851,896300,1851
2014-12-04,1850,1859,1834,1850,1014500,1850
2014-12-03,1815,1850,1814,1847,1187700,1847
2014-12-02,1790,1813,1779,1806,862400,1806
2014-12-01,1772,1794,1763,1777,648100,1777
2014-11-28,1770,1774,1756,1763,469000,1763
2014-11-27,1764,1769,1746,1754,669700,1754
2014-11-26,1760,1768,1751,1760,928400,1760
2014-11-25,1765,1779,1755,1767,1329400,1767
2014-11-21,1742,1747,1722,1737,818200,1737
2014-11-20,1749,1749,1723,1730,727600,1730
2014-11-19,1748,1770,1734,1736,779400,1736
2014-11-18,1716,1746,1715,1743,759800,1743
2014-11-17,1743,1746,1691,1695,1102400,1695
2014-11-14,1748,1752,1729,1748,950900,1748
2014-11-13,1711,1738,1711,1728,941000,1728
2014-11-12,1725,1739,1698,1702,1112400,1702
2014-11-11,1700,1717,1693,1713,828400,1713
2014-11-10,1683,1706,1681,1699,693600,1699
2014-11-07,1702,1715,1691,1704,997700,1704
2014-11-06,1715,1718,1671,1691,1529500,1691
2014-11-05,1678,1728,1676,1717,1904700,1717
2014-11-04,1714,1714,1651,1676,3313500,1676
2014-10-31,1752,1754,1587,1634,4761800,1634
2014-10-30,1720,1732,1707,1732,1370700,1732
2014-10-29,1709,1719,1693,1718,859200,1718
2014-10-28,1704,1706,1676,1696,797000,1696
2014-10-27,1700,1706,1679,1696,657400,1696
2014-10-24,1710,1714,1675,1691,995600,1691
2014-10-23,1684,1700,1661,1690,1873700,1690
2014-10-22,1669,1685,1641,1684,2113100,1684
2014-10-21,1655,1669,1627,1632,2797000,1632
2014-10-20,1607,1623,1590,1608,1525700,1608
2014-10-17,1570,1603,1561,1561,1919600,1561
2014-10-16,1536,1569,1520,1550,1816000,1550
2014-10-15,1561,1588,1520,1583,2342100,1583
2014-10-14,1561,1585,1555,1562,1590300,1562
2014-10-10,1622,1623,1587,1597,1985700,1597
2014-10-09,1700,1708,1655,1655,1622600,1655
2014-10-08,1681,1734,1675,1710,2359800,1710
2014-10-07,1709,1719,1699,1703,1360500,1703
2014-10-06,1750,1754,1685,1704,2636200,1704
2014-10-03,1759,1774,1718,1733,2107200,1733
2014-10-02,1815,1817,1743,1761,2976100,1761
2014-10-01,1907,1908,1802,1810,5945500,1810
2014-09-30,2182,2182,2131,2136,623000,2136
2014-09-29,2190,2193,2159,2182,865500,2182
2014-09-26,2129,2164,2128,2161,536500,2161
2014-09-25,2136,2173,2120,2150,811600,2150
2014-09-24,2115,2136,2101,2116,553400,2116
2014-09-22,2150,2150,2118,2134,381400,2134
2014-09-19,2139,2156,2124,2151,613200,2151
2014-09-18,2140,2157,2128,2130,502700,2130
2014-09-17,2132,2136,2117,2122,351500,2122
2014-09-16,2125,2143,2111,2132,544200,2132
2014-09-12,2111,2115,2093,2104,636800,2104
2014-09-11,2123,2130,2112,2120,294500,2120
2014-09-10,2075,2107,2059,2105,355000,2105
2014-09-09,2100,2114,2088,2088,449900,2088
2014-09-08,2128,2128,2073,2085,549900,2085
2014-09-05,2100,2128,2095,2100,1039000,2100
2014-09-04,2080,2098,2067,2081,654600,2081
2014-09-03,2105,2119,2078,2087,712000,2087
2014-09-02,2057,2102,2050,2100,705000,2100
2014-09-01,2052,2057,2034,2047,359400,2047
2014-08-29,2044,2060,2032,2043,379200,2043
2014-08-28,2051,2064,2042,2056,363000,2056
2014-08-27,2050,2066,2039,2052,257700,2052
2014-08-26,2037,2063,2037,2050,418900,2050
2014-08-25,2031,2053,2031,2047,476400,2047
2014-08-22,2027,2037,2017,2018,434700,2018
2014-08-21,2032,2032,2001,2014,339700,2014
2014-08-20,2024,2025,1996,2004,450400,2004
2014-08-19,2029,2057,2010,2029,808400,2029
2014-08-18,1987,2006,1978,1999,279400,1999
2014-08-15,1997,1998,1981,1986,226700,1986
2014-08-14,1979,1994,1972,1989,465200,1989
2014-08-13,1999,1999,1950,1958,1086800,1958
2014-08-12,1991,2012,1990,1999,303000,1999
2014-08-11,2000,2008,1981,2002,482300,2002
2014-08-08,1986,1989,1946,1955,558800,1955
2014-08-07,2001,2008,1967,1998,757800,1998
2014-08-06,2044,2054,2008,2012,472000,2012
2014-08-05,2070,2083,2038,2039,486300,2039
2014-08-04,2123,2179,2077,2085,1527400,2085
2014-08-01,2027,2094,2010,2073,1162900,2073
2014-07-31,2072,2090,2067,2077,736200,2077
2014-07-30,2052,2073,2052,2054,395400,2054
2014-07-29,2070,2074,2052,2061,534700,2061
2014-07-28,2061,2073,2046,2054,506200,2054
2014-07-25,2038,2065,2038,2061,596700,2061
2014-07-24,2059,2084,2028,2030,734800,2030
2014-07-23,2038,2059,2036,2052,419800,2052
2014-07-22,2020,2045,2020,2031,555000,2031
2014-07-18,2028,2032,2007,2020,609600,2020
2014-07-17,2087,2092,2046,2056,869600,2056
2014-07-16,2068,2100,2060,2074,1152200,2074
2014-07-15,2051,2064,2042,2054,531600,2054
2014-07-14,2017,2041,1991,2040,883800,2040
2014-07-11,2000,2001,1983,1998,594000,1998
2014-07-10,2035,2040,2016,2016,466000,2016
2014-07-09,2049,2059,2024,2041,803600,2041
2014-07-08,2071,2088,2059,2082,505300,2082
2014-07-07,2108,2125,2085,2085,461700,2085
2014-07-04,2085,2110,2085,2109,624400,2109
2014-07-03,2077,2079,2066,2074,395900,2074
2014-07-02,2075,2079,2056,2060,577200,2060
2014-07-01,2055,2095,2049,2081,687300,2081
2014-06-30,2028,2047,2011,2040,581300,2040
2014-06-27,2045,2045,2010,2020,850400,2020
2014-06-26,2026,2054,2026,2050,385600,2050
2014-06-25,2034,2039,2020,2026,745800,2026
2014-06-24,2030,2060,2025,2059,516800,2059
2014-06-23,2062,2070,2037,2049,714000,2049
2014-06-20,2024,2062,2022,2062,1747300,2062
2014-06-19,1990,2044,1988,2029,1216500,2029
2014-06-18,1968,1987,1968,1980,421200,1980
2014-06-17,1956,1967,1947,1962,515800,1962
2014-06-16,1964,1969,1933,1945,619800,1945
2014-06-13,1906,1973,1903,1958,1687900,1958
2014-06-12,1907,1926,1902,1918,1197400,1918
2014-06-11,1919,1928,1909,1925,539300,1925
2014-06-10,1918,1950,1916,1931,985100,1931
2014-06-09,1930,1932,1898,1902,846900,1902
2014-06-06,1920,1931,1912,1924,716900,1924
2014-06-05,1920,1927,1901,1911,348800,1911
2014-06-04,1914,1922,1886,1910,868200,1910
2014-06-03,1930,1946,1905,1909,929000,1909
2014-06-02,1878,1905,1875,1895,659800,1895
2014-05-30,1865,1876,1854,1859,838000,1859
2014-05-29,1858,1871,1844,1864,562000,1864
2014-05-28,1840,1870,1826,1860,822100,1860
2014-05-27,1847,1863,1823,1826,552100,1826
2014-05-26,1856,1858,1826,1840,470000,1840
2014-05-23,1824,1855,1821,1837,603200,1837
2014-05-22,1790,1811,1776,1805,563200,1805
2014-05-21,1791,1808,1761,1773,988700,1773
2014-05-20,1844,1848,1812,1824,605500,1824
2014-05-19,1831,1839,1815,1818,470100,1818
2014-05-16,1823,1843,1812,1826,564900,1826
2014-05-15,1837,1862,1821,1857,914700,1857
2014-05-14,1823,1854,1803,1851,753700,1851
2014-05-13,1828,1844,1818,1818,624500,1818
2014-05-12,1807,1819,1794,1797,402400,1797
2014-05-09,1783,1819,1781,1803,786500,1803
2014-05-08,1810,1829,1801,1805,659300,1805
2014-05-07,1860,1860,1803,1807,1281900,1807
2014-05-02,1841,1898,1841,1869,1477400,1869
2014-05-01,1775,1845,1701,1839,2551500,1839
2014-04-30,1900,1908,1833,1841,1101800,1841
2014-04-28,1900,1903,1847,1859,768600,1859
2014-04-25,1882,1904,1874,1900,782700,1900
2014-04-24,1887,1915,1880,1884,746800,1884
2014-04-23,1918,1930,1886,1901,758200,1901
2014-04-22,1966,1970,1906,1908,914200,1908
2014-04-21,1980,1994,1952,1962,470900,1962
2014-04-18,1992,1999,1945,1971,752700,1971
2014-04-17,1994,2007,1965,1976,469700,1976
2014-04-16,1939,1982,1931,1981,761500,1981
2014-04-15,1933,1937,1892,1918,1025900,1918
2014-04-14,1910,1942,1910,1926,494300,1926
2014-04-11,1930,1943,1910,1938,860800,1938
2014-04-10,1982,2015,1962,1977,823200,1977
2014-04-09,1959,1964,1940,1948,780300,1948
2014-04-08,2023,2027,1983,1988,760600,1988
2014-04-07,2017,2042,2006,2037,633200,2037
2014-04-04,2043,2047,2019,2038,651200,2038
2014-04-03,2051,2076,2032,2056,874500,2056
2014-04-02,2050,2084,2050,2055,659100,2055
2014-04-01,2045,2059,2024,2046,802300,2046
2014-03-31,2038,2047,2011,2034,541800,2034
2014-03-28,2038,2040,2006,2020,792500,2020
2014-03-27,1965,2041,1943,2030,765900,2030
2014-03-26,1974,2004,1967,1985,907400,1985
2014-03-25,1968,2001,1960,1974,940700,1974
2014-03-24,1899,2005,1899,1973,1142200,1973
2014-03-20,1939,1957,1898,1899,886200,1899
2014-03-19,1957,1968,1911,1924,646900,1924
2014-03-18,1977,1977,1946,1950,480200,1950
2014-03-17,1923,1936,1905,1927,611400,1927
2014-03-14,1973,1973,1931,1946,1300900,1946
2014-03-13,2001,2050,1994,2039,1147300,2039
2014-03-12,1990,2038,1988,2007,1241700,2007
2014-03-11,1996,2024,1996,2013,478000,2013
2014-03-10,2003,2020,1991,2009,574900,2009
2014-03-07,2040,2048,2017,2028,725500,2028
2014-03-06,2035,2045,2008,2038,894700,2038
2014-03-05,2015,2027,2001,2008,427900,2008
2014-03-04,1929,1989,1921,1985,621000,1985
2014-03-03,1946,1960,1916,1955,728400,1955
2014-02-28,1994,2013,1977,1990,784000,1990
2014-02-27,1999,2006,1976,1984,739800,1984
2014-02-26,1999,2030,1993,2014,579500,2014
2014-02-25,2039,2047,2010,2022,575000,2022
2014-02-24,2020,2043,1993,2023,511400,2023
2014-02-21,2009,2019,1988,2012,562900,2012
2014-02-20,2001,2011,1960,1972,634000,1972
2014-02-19,2032,2053,2017,2034,739400,2034
2014-02-18,1987,2036,1986,2023,878800,2023
2014-02-17,1979,1994,1945,1979,559400,1979
2014-02-14,2011,2020,1952,1971,700800,1971
2014-02-13,2026,2026,1964,1981,637200,1981
2014-02-12,1998,2023,1992,2018,1043800,2018
2014-02-10,1981,1987,1941,1958,628100,1958
2014-02-07,1950,1955,1921,1942,942200,1942
2014-02-06,1928,1947,1886,1888,1051000,1888
2014-02-05,1900,1965,1859,1905,2517300,1905
2014-02-04,1767,1794,1742,1742,1316400,1742
2014-02-03,1857,1885,1848,1854,998900,1854
2014-01-31,1934,1949,1883,1902,889800,1902
2014-01-30,1945,1945,1906,1921,900300,1921
2014-01-29,1961,1987,1955,1984,690800,1984
2014-01-28,1933,1954,1893,1925,1302000,1925
2014-01-27,1956,1979,1940,1944,1243600,1944
2014-01-24,2029,2059,2013,2022,1290300,2022
2014-01-23,2090,2121,2069,2084,1353600,2084
2014-01-22,2071,2100,2050,2060,1591000,2060
2014-01-21,2079,2130,2068,2101,1531000,2101
2014-01-20,2076,2092,2056,2078,690000,2078
2014-01-17,2055,2088,2052,2078,1562400,2078
2014-01-16,2112,2142,2080,2111,1485500,2111
2014-01-15,2054,2108,2045,2098,2020700,2098
2014-01-14,2007,2020,1987,2000,1038300,2000
2014-01-10,2024,2035,1985,2035,797300,2035
2014-01-09,2019,2031,1994,2026,769200,2026
2014-01-08,1984,2034,1975,2033,911900,2033
2014-01-07,1958,1982,1951,1972,570400,1972
2014-01-06,1972,1984,1942,1970,954100,1970
2013-12-30,1978,1978,1954,1966,655700,1966
2013-12-27,1970,1976,1940,1961,636200,1961
2013-12-26,1920,1952,1910,1947,572000,1947
2013-12-25,1895,1908,1886,1903,564500,1903
2013-12-24,1916,1924,1904,1910,751400,1910
2013-12-20,1912,1925,1901,1915,942900,1915
2013-12-19,1945,1967,1910,1926,1310300,1926
2013-12-18,1909,1939,1901,1917,1203800,1917
2013-12-17,1894,1915,1886,1907,1436800,1907
2013-12-16,1885,1906,1872,1882,1279100,1882
2013-12-13,1905,1914,1881,1901,1434400,1901
2013-12-12,1882,1899,1845,1895,1402100,1895
2013-12-11,1888,1927,1874,1897,2152800,1897
2013-12-10,1790,1877,1775,1873,2527000,1873
2013-12-09,1749,1795,1747,1789,1471600,1789
2013-12-06,1700,1725,1692,1722,498700,1722
2013-12-05,1725,1747,1703,1710,975000,1710
2013-12-04,1725,1748,1716,1723,703900,1723
2013-12-03,1750,1763,1741,1756,633700,1756
2013-12-02,1762,1769,1744,1754,553400,1754
2013-11-29,1765,1770,1742,1753,602100,1753
2013-11-28,1760,1766,1746,1762,599300,1762
2013-11-27,1749,1754,1731,1738,546100,1738
2013-11-26,1757,1760,1732,1751,967600,1751
2013-11-25,1765,1765,1735,1760,660700,1760
2013-11-22,1773,1780,1740,1749,877700,1749
2013-11-21,1702,1746,1702,1740,1100000,1740
2013-11-20,1710,1720,1692,1701,906200,1701
2013-11-19,1736,1740,1704,1712,996100,1712
2013-11-18,1754,1776,1731,1736,1422000,1736
2013-11-15,1679,1759,1679,1745,2290000,1745
2013-11-14,1657,1675,1642,1661,1048700,1661
2013-11-13,1643,1670,1633,1648,860000,1648
2013-11-12,1609,1655,1608,1644,1006700,1644
2013-11-11,1634,1648,1593,1608,1223800,1608
2013-11-08,1610,1643,1605,1622,1117900,1622
2013-11-07,1635,1640,1595,1619,2332300,1619
2013-11-06,1770,1818,1584,1660,5225200,1660
2013-11-05,1780,1809,1724,1762,3400700,1762
2013-11-01,1660,1689,1632,1661,1515600,1661
2013-10-31,1681,1723,1681,1696,1364700,1696
2013-10-30,1696,1708,1668,1681,1111700,1681
2013-10-29,1666,1684,1650,1680,923300,1680
2013-10-28,1670,1680,1642,1678,1200300,1678
2013-10-25,1669,1683,1662,1666,723100,1666
2013-10-24,1664,1670,1642,1669,766100,1669
2013-10-23,1698,1716,1679,1679,926500,1679
2013-10-22,1715,1724,1687,1693,673300,1693
2013-10-21,1705,1730,1679,1717,1098300,1717
2013-10-18,1629,1700,1629,1699,1648000,1699
2013-10-17,1617,1657,1614,1647,1422000,1647
2013-10-16,1583,1613,1583,1596,483700,1596
2013-10-15,1601,1604,1572,1582,515800,1582
2013-10-11,1588,1604,1581,1593,694500,1593
2013-10-10,1544,1576,1534,1564,982700,1564
2013-10-09,1482,1543,1482,1538,473200,1538
2013-10-08,1501,1512,1482,1503,521200,1503
2013-10-07,1541,1546,1503,1508,586100,1508
2013-10-04,1518,1554,1516,1540,806500,1540
2013-10-03,1553,1572,1533,1539,593400,1539
2013-10-02,1590,1617,1550,1555,750000,1555
2013-10-01,1612,1614,1588,1591,393400,1591
2013-09-30,1595,1613,1585,1603,524200,1603
2013-09-27,1609,1631,1591,1620,748700,1620
2013-09-26,1600,1616,1573,1608,643100,1608
2013-09-25,1620,1624,1605,1611,376800,1611
2013-09-24,1604,1629,1600,1618,479600,1618
2013-09-20,1639,1642,1623,1631,649000,1631
2013-09-19,1614,1638,1601,1638,937800,1638
2013-09-18,1612,1624,1588,1597,969300,1597
2013-09-17,1556,1630,1551,1601,2332200,1601
2013-09-13,1489,1520,1486,1510,1347900,1510
2013-09-12,1502,1505,1476,1478,1049300,1478
2013-09-11,1519,1530,1504,1507,807200,1507
2013-09-10,1523,1534,1514,1531,682800,1531
2013-09-09,1513,1520,1491,1514,752500,1514
2013-09-06,1503,1503,1470,1482,626000,1482
2013-09-05,1499,1508,1480,1484,826200,1484
2013-09-04,1451,1476,1448,1476,603300,1476
2013-09-03,1441,1476,1439,1470,715100,1470
2013-09-02,1421,1428,1407,1422,440800,1422
2013-08-30,1441,1453,1409,1418,843900,1418
2013-08-29,1451,1459,1430,1440,670900,1440
2013-08-28,1470,1470,1430,1445,812900,1445
2013-08-27,1485,1506,1473,1486,541300,1486
2013-08-26,1494,1507,1480,1496,443000,1496
2013-08-23,1490,1515,1478,1493,873500,1493
2013-08-22,1464,1473,1452,1463,504400,1463
2013-08-21,1492,1493,1463,1474,694700,1474
2013-08-20,1510,1524,1487,1492,458300,1492
2013-08-19,1504,1532,1502,1532,428600,1532
2013-08-16,1505,1525,1488,1509,975200,1509
2013-08-15,1527,1556,1526,1537,470800,1537
2013-08-14,1550,1573,1534,1562,938700,1562
2013-08-13,1507,1526,1496,1523,565000,1523
2013-08-12,1458,1518,1450,1489,940900,1489
2013-08-09,1472,1487,1452,1458,717800,1458
2013-08-08,1490,1518,1466,1471,962200,1471
2013-08-07,1518,1540,1492,1492,1120800,1492
2013-08-06,1538,1588,1525,1555,1465200,1555
2013-08-05,1510,1529,1501,1515,639100,1515
2013-08-02,1604,1608,1487,1518,2751000,1518
2013-08-01,1447,1568,1447,1568,1186500,1568
2013-07-31,1477,1489,1446,1464,961200,1464
2013-07-30,1455,1483,1451,1480,670500,1480
2013-07-29,1494,1494,1450,1455,1035400,1455
2013-07-26,1548,1554,1511,1517,1014600,1517
2013-07-25,1600,1612,1572,1579,655000,1579
2013-07-24,1579,1613,1575,1603,1145200,1603
2013-07-23,1547,1576,1547,1572,723200,1572
2013-07-22,1592,1595,1542,1551,1306400,1551
2013-07-19,1650,1654,1565,1574,1688800,1574
2013-07-18,1603,1641,1597,1640,980600,1640
2013-07-17,1633,1648,1615,1623,911900,1623
2013-07-16,1642,1653,1634,1648,917500,1648
2013-07-12,1600,1632,1600,1627,858500,1627
2013-07-11,1594,1620,1588,1600,834500,1600
2013-07-10,1632,1636,1589,1601,744000,1601
2013-07-09,1620,1624,1567,1613,1310000,1613
2013-07-08,1645,1648,1590,1595,855100,1595
2013-07-05,1568,1613,1564,1607,1202900,1607
2013-07-04,1579,1598,1546,1551,960600,1551
2013-07-03,1589,1602,1579,1586,724000,1586
2013-07-02,1574,1588,1560,1588,729000,1588
2013-07-01,1570,1570,1524,1558,828800,1558
2013-06-28,1515,1563,1511,1547,1735900,1547
2013-06-27,1486,1492,1455,1489,1381200,1489
2013-06-26,1475,1484,1442,1458,952800,1458
2013-06-25,1468,1485,1436,1457,876900,1457
2013-06-24,1511,1515,1464,1467,1230100,1467
2013-06-21,1392,1482,1381,1482,1994500,1482
2013-06-20,1470,1488,1438,1445,1863000,1445
2013-06-19,1486,1497,1464,1479,1309900,1479
2013-06-18,1474,1479,1447,1456,960700,1456
2013-06-17,1405,1463,1392,1458,972900,1458
2013-06-14,1470,1484,1382,1410,2801900,1410
2013-06-13,1480,1480,1415,1421,1877300,1421
2013-06-12,1461,1519,1447,1505,1848900,1505
2013-06-11,1562,1571,1489,1492,3036900,1492
2013-06-10,1555,1587,1550,1580,1624400,1580
2013-06-07,1508,1550,1467,1515,1234200,1515
2013-06-06,1545,1598,1534,1543,1703800,1543
2013-06-05,1640,1651,1578,1578,1350900,1578
2013-06-04,1580,1664,1576,1653,1696000,1653
2013-06-03,1582,1659,1572,1611,1378400,1611
2013-05-31,1678,1684,1616,1616,1480500,1616
2013-05-30,1661,1700,1642,1653,1093200,1653
2013-05-29,1744,1744,1693,1698,1004000,1698
2013-05-28,1648,1718,1633,1704,1320700,1704
2013-05-27,1750,1755,1672,1675,1489000,1675
2013-05-24,1801,1850,1710,1775,2251800,1775
2013-05-23,1950,1968,1761,1761,2503700,1761
2013-05-22,1983,1996,1935,1953,1788600,1953
2013-05-21,1888,1959,1866,1943,1482900,1943
2013-05-20,1840,1896,1831,1888,1739200,1888
2013-05-17,1805,1830,1774,1822,1353200,1822
2013-05-16,1835,1837,1779,1812,1271700,1812
2013-05-15,1800,1839,1795,1816,1429200,1816
2013-05-14,1790,1810,1777,1778,1215000,1778
2013-05-13,1810,1835,1787,1798,1268800,1798
2013-05-10,1748,1795,1744,1788,1494800,1788
2013-05-09,1777,1777,1707,1708,1406300,1708
2013-05-08,1721,1801,1715,1772,2144700,1772
2013-05-07,1719,1729,1709,1714,1260900,1714
2013-05-02,1645,1683,1625,1654,1226700,1654
2013-05-01,1721,1724,1664,1672,1379600,1672
2013-04-30,1660,1725,1640,1705,2907100,1705
2013-04-26,1710,1711,1606,1623,2975600,1623
2013-04-25,1699,1700,1671,1695,1696000,1695
2013-04-24,1638,1685,1635,1676,2497900,1676
2013-04-23,1580,1616,1571,1611,1792000,1611
2013-04-22,1551,1616,1550,1582,2878300,1582
2013-04-19,1478,1515,1477,1505,1368700,1505
2013-04-18,1482,1491,1459,1470,1100300,1470
2013-04-17,1492,1507,1475,1502,1142100,1502
2013-04-16,1480,1508,1475,1490,1749900,1490
2013-04-15,1529,1532,1495,1512,1404500,1512
2013-04-12,1572,1580,1522,1548,1445200,1548
2013-04-11,1537,1577,1535,1571,2799000,1571
2013-04-10,1460,1509,1454,1504,2306000,1504
2013-04-09,1491,1493,1440,1454,1204500,1454
2013-04-08,1450,1480,1439,1461,2200900,1461
2013-04-05,1490,1494,1388,1396,2660300,1396
2013-04-04,1361,1385,1320,1385,1375700,1385
2013-04-03,1391,1400,1375,1385,872600,1385
2013-04-02,1411,1413,1366,1380,1166900,1380
2013-04-01,1458,1483,1435,1435,850600,1435
2013-03-29,1487,1491,1449,1466,1001400,1466
2013-03-28,1498,1499,1449,1466,855100,1466
2013-03-27,1480,1503,1472,1496,674300,1496
2013-03-26,1478,1506,1477,1480,1249200,1480
2013-03-25,1491,1501,1477,1477,983200,1477
2013-03-22,1502,1510,1485,1487,973200,1487
2013-03-21,1518,1537,1501,1502,1064700,1502
2013-03-19,1478,1514,1478,1504,1068600,1504
2013-03-18,1520,1520,1461,1466,1749400,1466
2013-03-15,1562,1573,1525,1535,1926300,1535
2013-03-14,1530,1552,1522,1542,1622500,1542
2013-03-13,1525,1547,1512,1528,1452800,1528
2013-03-12,1532,1549,1525,1534,1607300,1534
2013-03-11,1515,1543,1512,1518,1677600,1518
2013-03-08,1483,1504,1477,1499,1958600,1499
2013-03-07,1515,1519,1458,1462,1820000,1462
2013-03-06,1472,1507,1462,1504,2887800,1504
2013-03-05,1451,1475,1446,1449,1065000,1449
2013-03-04,1439,1446,1428,1441,1033100,1441
2013-03-01,1440,1447,1423,1431,1516200,1431
2013-02-28,1423,1496,1415,1451,3343500,1451
2013-02-27,1399,1420,1375,1393,1958200,1393
2013-02-26,1390,1433,1382,1391,2351100,1391
2013-02-25,1420,1429,1394,1406,1814700,1406
2013-02-22,1368,1416,1342,1414,2336500,1414
2013-02-21,1382,1411,1376,1381,1828800,1381
2013-02-20,1374,1419,1365,1376,2240100,1376
2013-02-19,1385,1403,1362,1379,2479400,1379
2013-02-18,1415,1421,1395,1404,1353400,1404
2013-02-15,1400,1417,1363,1395,5499700,1395
2013-02-14,1469,1510,1443,1446,2302500,1446
2013-02-13,1459,1510,1456,1468,2624500,1468
2013-02-12,1550,1553,1467,1469,3146400,1469
2013-02-08,1496,1555,1491,1520,3176600,1520
2013-02-07,1499,1627,1486,1526,10607200,1526
2013-02-06,1319,1535,1317,1511,13309400,1511
2013-02-05,1241,1255,1231,1235,2327300,1235
2013-02-04,1250,1273,1245,1264,2182300,1264
2013-02-01,1310,1312,1231,1234,3255600,1234
2013-01-31,1290,1304,1277,1303,1451400,1303
2013-01-30,1291,1294,1270,1288,1276500,1288
2013-01-29,1254,1305,1246,1297,2291800,1297
2013-01-28,1272,1274,1250,1253,1520600,1253
2013-01-25,1270,1273,1242,1253,2379200,1253
2013-01-24,1261,1277,1215,1248,3682100,1248
2013-01-23,1326,1335,1307,1309,1600300,1309
2013-01-22,1380,1382,1339,1356,2344600,1356
2013-01-21,1338,1398,1309,1374,4222900,1374
2013-01-18,1299,1333,1284,1311,4208900,1311
2013-01-17,1274,1286,1224,1239,2816800,1239
2013-01-16,1310,1324,1265,1267,2551800,1267
2013-01-15,1330,1330,1296,1317,2363000,1317
2013-01-11,1347,1348,1325,1330,2147100,1330
2013-01-10,1325,1339,1315,1318,1708700,1318
2013-01-09,1291,1332,1289,1311,2855500,1311
2013-01-08,1377,1378,1310,1318,3353100,1318
2013-01-07,1440,1440,1385,1392,1463000,1392
2013-01-04,1448,1449,1398,1419,2384500,1419
2012-12-28,1377,1378,1351,1366,1775900,1366
2012-12-27,1325,1360,1316,1347,2178100,1347
2012-12-26,1285,1308,1282,1306,1396100,1306
2012-12-25,1292,1314,1271,1277,1413000,1277
2012-12-21,1300,1315,1262,1270,2891100,1270
2012-12-20,1270,1295,1258,1286,3795800,1286
2012-12-19,1238,1282,1235,1279,3435600,1279
2012-12-18,1231,1238,1200,1218,3163200,1218
2012-12-17,1267,1273,1227,1229,1792300,1229
2012-12-14,1253,1253,1212,1237,2477800,1237
2012-12-13,1191,1254,1190,1242,4748500,1242
2012-12-12,1159,1173,1152,1170,2620400,1170
2012-12-11,1146,1154,1128,1134,1122000,1134
2012-12-10,1179,1185,1140,1142,1463000,1142
2012-12-07,1129,1175,1129,1159,3311600,1159
2012-12-06,1105,1136,1101,1132,3321500,1132
2012-12-05,1060,1087,1050,1083,2261100,1083
2012-12-04,1095,1098,1065,1075,2498600,1075
2012-12-03,1119,1125,1102,1114,1999200,1114
2012-11-30,1093,1141,1088,1128,2453500,1128
2012-11-29,1088,1095,1062,1087,2182600,1087
2012-11-28,1110,1111,1060,1069,2446300,1069
2012-11-27,1160,1161,1111,1121,2070700,1121
2012-11-26,1149,1194,1149,1163,2745100,1163
2012-11-22,1120,1127,1098,1124,2180300,1124
2012-11-21,1087,1130,1080,1108,2372500,1108
2012-11-20,1096,1100,1065,1073,1858100,1073
2012-11-19,1080,1110,1048,1063,1844700,1063
2012-11-16,1040,1088,1031,1083,2214800,1083
2012-11-15,976,1045,961,1030,2336200,1030
2012-11-14,974,980,964,975,972400,975
2012-11-13,960,978,941,977,2248900,977
2012-11-12,948,975,947,960,1897400,960
2012-11-09,950,955,932,947,1246700,947
2012-11-08,938,958,930,951,1469200,951
2012-11-07,932,963,929,955,2298000,955
2012-11-06,924,928,915,923,1622900,923
2012-11-05,918,925,910,921,1868500,921
2012-11-02,946,952,892,916,6513400,916
2012-11-01,1023,1031,997,1002,1796900,1002
2012-10-31,1007,1025,1001,1005,1595100,1005
2012-10-30,1023,1037,1007,1007,1647700,1007
2012-10-29,1050,1050,1019,1022,1142800,1022
2012-10-26,1028,1058,1028,1032,1301500,1032
2012-10-25,1040,1054,1027,1041,1031400,1041
2012-10-24,1035,1070,1028,1046,1333000,1046
2012-10-23,1082,1088,1047,1059,1130100,1059
2012-10-22,1031,1071,1027,1065,1510000,1065
2012-10-19,1040,1073,1040,1060,1050700,1060
2012-10-18,1028,1071,1025,1067,2212000,1067
2012-10-17,1060,1064,1007,1015,2846600,1015
2012-10-16,1036,1055,1033,1055,1331200,1055
2012-10-15,988,1032,987,1024,1425500,1024
2012-10-12,990,1008,983,991,1140600,991
2012-10-11,974,1007,972,983,2459500,983
2012-10-10,1000,1009,985,987,2635600,987
2012-10-09,1087,1087,1032,1035,1385900,1035
2012-10-05,1061,1088,1060,1087,2072200,1087
2012-10-04,1030,1069,1007,1060,2770000,1060
2012-10-03,1059,1080,1050,1054,1585000,1054
2012-10-02,1094,1110,1067,1070,1797100,1070
2012-10-01,1121,1122,1092,1100,1123900,1100
2012-09-28,1155,1158,1133,1141,911600,1141
2012-09-27,1130,1155,1120,1137,1337200,1137
2012-09-26,1141,1154,1129,1134,976100,1134
2012-09-25,1159,1167,1148,1165,981800,1165
2012-09-24,1170,1183,1159,1168,1787700,1168
2012-09-21,1196,1204,1160,1161,1782000,1161
2012-09-20,1230,1247,1195,1196,1662300,1196
2012-09-19,1240,1265,1220,1258,1382400,1258
2012-09-18,1198,1233,1187,1225,1982800,1225
2012-09-14,1189,1200,1182,1188,1864300,1188
2012-09-13,1160,1196,1160,1178,1701500,1178
2012-09-12,1151,1175,1131,1169,1202000,1169
2012-09-11,1180,1181,1161,1169,997400,1169
2012-09-10,1204,1210,1180,1193,1605200,1193
2012-09-07,1194,1198,1178,1197,1159700,1197
2012-09-06,1166,1177,1141,1161,1285500,1161
2012-09-05,1165,1166,1125,1155,1727300,1155
2012-09-04,1176,1182,1153,1170,1250400,1170
2012-09-03,1184,1194,1160,1178,1656700,1178
2012-08-31,1202,1215,1180,1182,1569800,1182
2012-08-30,1256,1262,1227,1228,1048700,1228
2012-08-29,1233,1262,1226,1262,1212800,1262
2012-08-28,1270,1270,1218,1233,1755800,1233
2012-08-27,1293,1294,1254,1267,1611400,1267
2012-08-24,1273,1279,1263,1270,2247700,1270
2012-08-23,1321,1327,1295,1317,1527200,1317
2012-08-22,1347,1360,1315,1334,1413100,1334
2012-08-21,1366,1380,1356,1357,798000,1357
2012-08-20,1379,1393,1352,1361,1053200,1361
2012-08-17,1352,1380,1347,1371,1360000,1371
2012-08-16,1313,1354,1313,1351,1582400,1351
2012-08-15,1366,1366,1291,1314,2111900,1314
2012-08-14,1372,1386,1357,1369,1273200,1369
2012-08-13,1354,1375,1351,1365,639100,1365
2012-08-10,1359,1364,1336,1354,645800,1354
2012-08-09,1315,1360,1314,1359,1073600,1359
2012-08-08,1346,1371,1321,1329,1412100,1329
2012-08-07,1309,1339,1298,1337,664900,1337
2012-08-06,1340,1342,1309,1311,971700,1311
2012-08-03,1320,1329,1294,1301,1730800,1301
2012-08-02,1323,1353,1295,1343,2926000,1343
2012-08-01,1271,1271,1234,1239,1107400,1239
2012-07-31,1234,1290,1218,1284,1227900,1284
2012-07-30,1272,1284,1236,1249,879100,1249
2012-07-27,1238,1244,1217,1242,845000,1242
2012-07-26,1172,1204,1156,1198,1324600,1198
2012-07-25,1223,1224,1156,1172,2347900,1172
2012-07-24,1240,1256,1230,1253,1020100,1253
2012-07-23,1268,1284,1250,1252,903300,1252
2012-07-20,1318,1322,1283,1286,1490800,1286
2012-07-19,1300,1352,1293,1346,2158200,1346
2012-07-18,1290,1310,1269,1271,2314300,1271
2012-07-17,1322,1324,1257,1268,2603500,1268
2012-07-13,1317,1337,1306,1324,1123100,1324
2012-07-12,1363,1363,1328,1333,948500,1333
2012-07-11,1400,1401,1352,1358,1012900,1358
2012-07-10,1447,1450,1389,1394,1414700,1394
2012-07-09,1454,1463,1433,1441,883700,1441
2012-07-06,1471,1472,1449,1461,812600,1461
2012-07-05,1436,1470,1431,1462,1030100,1462
2012-07-04,1453,1463,1438,1441,850600,1441
2012-07-03,1421,1446,1421,1434,827300,1434
2012-07-02,1454,1460,1422,1424,833200,1424
2012-06-29,1390,1433,1381,1425,1409900,1425
2012-06-28,1417,1418,1378,1391,902600,1391
2012-06-27,1409,1410,1373,1390,960600,1390
2012-06-26,1413,1423,1389,1399,1187100,1399
2012-06-25,1497,1501,1422,1425,2022500,1425
2012-06-22,1462,1487,1453,1484,980300,1484
2012-06-21,1486,1515,1466,1502,1370400,1502
2012-06-20,1505,1509,1457,1472,840200,1472
2012-06-19,1492,1492,1468,1475,994400,1475
2012-06-18,1500,1530,1486,1492,2810700,1492
2012-06-15,1432,1447,1419,1428,704100,1428
2012-06-14,1424,1442,1412,1438,841000,1438
2012-06-13,1448,1468,1444,1449,944700,1449
2012-06-12,1410,1448,1401,1440,820500,1440
2012-06-11,1430,1456,1423,1451,886500,1451
2012-06-08,1421,1428,1379,1389,951400,1389
2012-06-07,1439,1450,1412,1431,1682400,1431
2012-06-06,1371,1430,1359,1408,2296100,1408
2012-06-05,1278,1345,1278,1341,1594200,1341
2012-06-04,1256,1288,1250,1273,1526600,1273
2012-06-01,1355,1361,1308,1316,1604200,1316
2012-05-31,1357,1389,1351,1384,1263900,1384
2012-05-30,1405,1409,1375,1394,1181500,1394
2012-05-29,1374,1409,1356,1408,1505100,1408
2012-05-28,1405,1408,1350,1374,1582800,1374
2012-05-25,1450,1451,1400,1405,1376200,1405
2012-05-24,1425,1456,1421,1437,1550400,1437
2012-05-23,1480,1481,1422,1425,1650200,1425
2012-05-22,1485,1493,1474,1489,1017600,1489
2012-05-21,1450,1485,1445,1456,813600,1456
2012-05-18,1477,1486,1444,1451,1488000,1451
2012-05-17,1460,1521,1460,1514,1821000,1514
2012-05-16,1468,1491,1450,1459,1827400,1459
2012-05-15,1482,1482,1451,1473,1603500,1473
2012-05-14,1485,1526,1478,1490,974400,1490
2012-05-11,1515,1551,1485,1499,1785600,1499
2012-05-10,1518,1565,1501,1527,1595400,1527
2012-05-09,1550,1559,1513,1525,1361000,1525
2012-05-08,1563,1594,1563,1575,1263100,1575
2012-05-07,1575,1585,1551,1559,1574300,1559
2012-05-02,1600,1627,1575,1616,2225600,1616
2012-05-01,1649,1649,1587,1604,3670100,1604
2012-04-27,1788,1818,1617,1649,8171100,1649
2012-04-26,1832,1867,1791,1797,5119300,1797
2012-04-25,1955,1998,1923,1938,1829600,1938
2012-04-24,1898,1931,1882,1913,1876900,1913
2012-04-23,1901,1923,1877,1897,912700,1897
2012-04-20,1883,1894,1853,1892,992000,1892
2012-04-19,1860,1919,1851,1893,1577900,1893
2012-04-18,1851,1886,1838,1886,2723600,1886
2012-04-17,1835,1851,1813,1822,1496900,1822
2012-04-16,1873,1875,1830,1834,1645300,1834
2012-04-13,1930,1960,1900,1917,1125100,1917
2012-04-12,1895,1904,1860,1895,928000,1895
2012-04-11,1880,1896,1862,1887,1661000,1887
2012-04-10,1902,1943,1898,1915,1181600,1915
2012-04-09,1896,1934,1888,1914,835800,1914
2012-04-06,1976,1976,1918,1946,1100100,1946
2012-04-05,1958,1982,1918,1982,1446300,1982
2012-04-04,2026,2043,1981,1993,1054100,1993
2012-04-03,2010,2047,1981,2026,1643700,2026
2012-04-02,2159,2159,2035,2037,3620100,2037
2012-03-30,2161,2170,2110,2117,1182300,2117
2012-03-29,2140,2141,2102,2115,800600,2115
2012-03-28,2135,2162,2106,2156,1521700,2156
2012-03-27,2135,2137,2110,2125,990200,2125
2012-03-26,2067,2112,2067,2083,1383500,2083
2012-03-23,2055,2069,2034,2039,1093700,2039
2012-03-22,2050,2100,2044,2088,1126900,2088
2012-03-21,2073,2073,2045,2049,1563100,2049
2012-03-19,2098,2133,2089,2098,1101700,2098
2012-03-16,2074,2106,2059,2098,1720800,2098
2012-03-15,2083,2099,2052,2076,977600,2076
2012-03-14,2054,2084,2045,2067,1264400,2067
2012-03-13,2017,2023,1997,2004,1315100,2004
2012-03-12,2048,2059,2001,2002,1172900,2002
2012-03-09,2026,2033,2007,2029,1594800,2029
2012-03-08,1975,1976,1955,1967,1107800,1967
2012-03-07,1852,1942,1852,1942,1467200,1942
2012-03-06,1940,1965,1890,1907,1202700,1907
2012-03-05,1974,1984,1925,1943,1045500,1943
2012-03-02,2015,2030,1937,1984,1519200,1984
2012-03-01,1981,2037,1941,1953,2127700,1953
2012-02-29,1968,1997,1952,1957,1506400,1957
2012-02-28,1890,1964,1857,1958,1599400,1958
2012-02-27,1970,1978,1925,1929,1185500,1929
2012-02-24,1901,1932,1887,1930,1005000,1930
2012-02-23,1887,1912,1872,1901,842300,1901
2012-02-22,1868,1893,1840,1891,1084600,1891
2012-02-21,1854,1886,1821,1855,1141700,1855
2012-02-20,1885,1897,1858,1863,965000,1863
2012-02-17,1875,1899,1840,1845,1690800,1845
2012-02-16,1813,1845,1804,1815,1780700,1815
2012-02-15,1795,1848,1789,1838,4384900,1838
2012-02-14,1766,1789,1747,1771,1257100,1771
2012-02-13,1760,1778,1750,1766,869900,1766
2012-02-10,1745,1781,1720,1771,2042400,1771
2012-02-09,1723,1739,1710,1730,1125300,1730
2012-02-08,1718,1735,1704,1732,1139200,1732
2012-02-07,1674,1703,1666,1700,937700,1700
2012-02-06,1723,1723,1661,1686,2698800,1686
2012-02-03,1700,1713,1606,1666,6107800,1666
2012-02-02,1692,1776,1687,1757,6047500,1757
2012-02-01,1578,1639,1566,1612,2697400,1612
2012-01-31,1530,1557,1511,1555,1388300,1555
2012-01-30,1588,1588,1533,1541,1496400,1541
2012-01-27,1631,1635,1571,1590,2033600,1590
2012-01-26,1645,1675,1630,1637,2192400,1637
2012-01-25,1610,1646,1595,1623,3019800,1623
2012-01-24,1581,1623,1563,1571,1229900,1571
2012-01-23,1588,1608,1572,1580,1398900,1580
2012-01-20,1625,1670,1546,1582,3526500,1582
2012-01-19,1545,1582,1541,1575,2166900,1575
2012-01-18,1477,1542,1467,1537,2330700,1537
2012-01-17,1479,1485,1458,1474,961600,1474
2012-01-16,1471,1486,1456,1464,1755400,1464
2012-01-13,1498,1511,1495,1504,1451200,1504
2012-01-12,1542,1544,1495,1502,1750700,1502
2012-01-11,1550,1584,1545,1558,1103300,1558
2012-01-10,1556,1557,1501,1541,1634900,1541
2012-01-06,1572,1578,1543,1567,1711700,1567
2012-01-05,1565,1574,1543,1552,992100,1552
2012-01-04,1541,1572,1535,1568,861500,1568
2011-12-30,1495,1523,1495,1522,672700,1522
2011-12-29,1510,1510,1485,1495,1205100,1495
2011-12-28,1538,1547,1512,1512,591100,1512
2011-12-27,1545,1556,1528,1534,685200,1534
2011-12-26,1548,1568,1518,1535,1077000,1535
2011-12-22,1581,1581,1498,1514,2704500,1514
2011-12-21,1650,1658,1588,1596,1136100,1596
2011-12-20,1606,1635,1602,1604,927100,1604
2011-12-19,1620,1623,1603,1617,726200,1617
2011-12-16,1659,1666,1625,1648,778400,1648
2011-12-15,1689,1703,1645,1653,1024900,1653
2011-12-14,1745,1747,1704,1710,1308400,1710
2011-12-13,1725,1772,1716,1761,1630200,1761
2011-12-12,1791,1795,1764,1775,910400,1775
2011-12-09,1741,1772,1741,1763,1038500,1763
2011-12-08,1816,1817,1771,1786,764300,1786
2011-12-07,1764,1844,1764,1834,1209600,1834
2011-12-06,1819,1819,1755,1763,945300,1763
2011-12-05,1830,1847,1813,1818,637200,1818
2011-12-02,1833,1836,1792,1828,727400,1828
2011-12-01,1830,1851,1814,1830,1318600,1830
2011-11-30,1772,1789,1753,1771,961100,1771
2011-11-29,1784,1810,1779,1792,1700700,1792
2011-11-28,1726,1780,1725,1752,1463200,1752
2011-11-25,1615,1684,1607,1669,1163100,1669
2011-11-24,1631,1649,1602,1630,699300,1630
2011-11-22,1625,1689,1620,1666,952400,1666
2011-11-21,1648,1670,1631,1651,683000,1651
2011-11-18,1611,1692,1611,1682,1004500,1682
2011-11-17,1608,1681,1599,1667,1748700,1667
2011-11-16,1697,1705,1644,1651,1152300,1651
2011-11-15,1714,1718,1691,1692,933000,1692
2011-11-14,1768,1778,1721,1731,1039900,1731
2011-11-11,1712,1778,1691,1739,1299700,1739
2011-11-10,1720,1720,1682,1710,1296500,1710
2011-11-09,1760,1791,1759,1783,829600,1783
2011-11-08,1759,1801,1737,1761,1679000,1761
2011-11-07,1800,1815,1780,1793,1923900,1793
2011-11-04,1726,1776,1720,1768,1953300,1768
2011-11-02,1666,1742,1651,1686,2366300,1686
2011-11-01,1762,1767,1712,1729,1174500,1729
2011-10-31,1746,1815,1746,1770,3206500,1770
2011-10-28,1820,1838,1715,1743,5869400,1743
2011-10-27,1940,1964,1862,1960,3530600,1960
2011-10-26,1877,1982,1853,1955,1613600,1955
2011-10-25,1944,1957,1879,1917,1344600,1917
2011-10-24,1875,1924,1867,1916,1059600,1916
2011-10-21,1831,1867,1821,1852,1199700,1852
2011-10-20,1886,1913,1794,1806,2080100,1806
2011-10-19,1902,1925,1881,1895,2517000,1895
2011-10-18,1800,1850,1799,1843,1055000,1843
2011-10-17,1857,1886,1850,1867,1009900,1867
2011-10-14,1873,1895,1798,1817,1612700,1817
2011-10-13,1838,1908,1835,1904,1826300,1904
2011-10-12,1750,1854,1740,1835,2136700,1835
2011-10-11,1732,1787,1729,1776,2181500,1776
2011-10-07,1650,1673,1646,1662,1271500,1662
2011-10-06,1598,1647,1574,1623,2422100,1623
2011-10-05,1575,1584,1536,1549,1783600,1549
2011-10-04,1510,1560,1501,1552,2763700,1552
2011-10-03,1589,1590,1542,1565,1733800,1565
2011-09-30,1658,1673,1628,1658,1029000,1658
2011-09-29,1590,1652,1542,1652,1993200,1652
2011-09-28,1642,1668,1614,1629,1606700,1629
2011-09-27,1676,1684,1622,1638,1314300,1638
2011-09-26,1678,1679,1588,1620,1568000,1620
2011-09-22,1692,1697,1646,1697,1539800,1697
2011-09-21,1730,1751,1702,1732,1083500,1732
2011-09-20,1760,1762,1721,1735,1236300,1735
2011-09-16,1738,1789,1726,1788,2282000,1788
2011-09-15,1671,1696,1653,1658,1881800,1658
2011-09-14,1700,1739,1616,1623,1859400,1623
2011-09-13,1661,1710,1658,1705,2333800,1705
2011-09-12,1672,1688,1643,1647,1878700,1647
2011-09-09,1743,1777,1710,1719,2160300,1719
2011-09-08,1721,1736,1702,1724,1939400,1724
2011-09-07,1660,1703,1637,1692,1845200,1692
2011-09-06,1713,1714,1597,1606,2704500,1606
2011-09-05,1750,1760,1710,1722,1833300,1722
2011-09-02,1841,1860,1786,1803,2218000,1803
2011-09-01,1885,1899,1868,1878,867500,1878
2011-08-31,1880,1885,1851,1862,1008500,1862
2011-08-30,1895,1906,1868,1886,1561900,1886
2011-08-29,1815,1865,1771,1855,1745600,1855
2011-08-26,1759,1797,1741,1796,1183600,1796
2011-08-25,1765,1817,1755,1789,1670900,1789
2011-08-24,1783,1811,1731,1738,1590100,1738
2011-08-23,1770,1776,1718,1743,1878900,1743
2011-08-22,1750,1785,1707,1712,1203100,1712
2011-08-19,1758,1787,1744,1751,2092800,1751
2011-08-18,1907,1913,1820,1826,2356200,1826
2011-08-17,1966,1974,1919,1926,1591600,1926
2011-08-16,1946,2005,1942,1995,1716400,1995
2011-08-15,1950,1961,1928,1936,706800,1936
2011-08-12,1966,1985,1905,1920,1459000,1920
2011-08-11,1970,1973,1924,1934,1975200,1934
2011-08-10,2067,2067,1998,2022,1368200,2022
2011-08-09,1980,2025,1922,2017,2064800,2017
2011-08-08,2048,2061,2005,2010,1096800,2010
2011-08-05,2000,2072,2000,2060,1881200,2060
2011-08-04,2118,2149,2060,2116,2777900,2116
2011-08-03,2063,2139,2034,2139,6503100,2139
2011-08-02,2332,2333,2282,2297,1466800,2297
2011-08-01,2348,2381,2347,2362,1106300,2362
2011-07-29,2430,2430,2337,2339,1544400,2339
2011-07-28,2415,2430,2399,2418,899800,2418
2011-07-27,2441,2441,2416,2439,526000,2439
2011-07-26,2425,2448,2416,2438,777100,2438
2011-07-25,2465,2468,2426,2431,705100,2431
2011-07-22,2485,2493,2444,2466,1092500,2466
2011-07-21,2457,2484,2440,2467,1536000,2467
2011-07-20,2414,2464,2414,2448,2385400,2448
2011-07-19,2384,2387,2363,2364,1024900,2364
2011-07-15,2389,2414,2388,2411,916600,2411
2011-07-14,2395,2399,2360,2392,1048600,2392
2011-07-13,2388,2399,2363,2392,1319300,2392
2011-07-12,2450,2450,2382,2390,1529100,2390
2011-07-11,2461,2487,2455,2465,918100,2465
2011-07-08,2499,2507,2485,2485,737200,2485
2011-07-07,2474,2510,2469,2474,1663800,2474
2011-07-06,2456,2465,2441,2465,1402100,2465
2011-07-05,2461,2461,2420,2430,1203500,2430
2011-07-04,2447,2452,2426,2446,1396500,2446
2011-07-01,2506,2512,2372,2409,4511800,2409
2011-06-30,2558,2560,2494,2505,1809000,2505
2011-06-29,2530,2563,2530,2560,1540600,2560
2011-06-28,2496,2524,2475,2484,1142300,2484
2011-06-27,2457,2474,2423,2459,1327100,2459
2011-06-24,2450,2465,2432,2456,958600,2456
2011-06-23,2469,2495,2447,2450,743500,2450
2011-06-22,2449,2491,2435,2481,1243300,2481
2011-06-21,2479,2482,2435,2445,1147400,2445
2011-06-20,2513,2520,2463,2464,722300,2464
2011-06-17,2526,2545,2486,2504,708200,2504
2011-06-16,2513,2546,2510,2518,590100,2518
2011-06-15,2561,2575,2537,2553,647700,2553
2011-06-14,2522,2549,2509,2547,823200,2547
2011-06-13,2498,2575,2486,2536,1203000,2536
2011-06-10,2533,2555,2498,2506,884200,2506
2011-06-09,2500,2544,2500,2516,573900,2516
2011-06-08,2529,2546,2491,2515,680100,2515
2011-06-07,2498,2538,2485,2532,657800,2532
2011-06-06,2538,2541,2472,2514,1151900,2514
2011-06-03,2569,2597,2538,2545,637700,2545
2011-06-02,2575,2575,2545,2557,933200,2557
2011-06-01,2650,2652,2610,2625,893800,2625
2011-05-31,2606,2656,2593,2631,1088300,2631
2011-05-30,2592,2617,2561,2605,586900,2605
2011-05-27,2614,2630,2577,2591,583600,2591
2011-05-26,2564,2623,2544,2617,1298400,2617
2011-05-25,2533,2566,2520,2525,663600,2525
2011-05-24,2522,2560,2511,2553,1324900,2553
2011-05-23,2602,2602,2543,2552,1220000,2552
2011-05-20,2640,2681,2602,2609,1507700,2609
2011-05-19,2738,2759,2610,2640,1962600,2640
2011-05-18,2671,2733,2660,2725,1564700,2725
2011-05-17,2652,2652,2592,2633,1807400,2633
2011-05-16,2678,2685,2645,2650,1030800,2650
2011-05-13,2681,2700,2655,2698,1177500,2698
2011-05-12,2682,2709,2661,2667,1047300,2667
2011-05-11,2738,2754,2688,2699,893000,2699
2011-05-10,2705,2719,2675,2699,1108300,2699
2011-05-09,2765,2769,2685,2699,1508000,2699
2011-05-06,2771,2813,2740,2764,1286300,2764
2011-05-02,2760,2780,2743,2780,744400,2780
2011-04-28,2780,2784,2715,2727,2127600,2727
2011-04-27,2716,2772,2714,2754,2790800,2754
2011-04-26,2656,2656,2606,2626,971300,2626
2011-04-25,2627,2698,2624,2662,832100,2662
2011-04-22,2566,2663,2558,2649,2073600,2649
2011-04-21,2600,2624,2559,2560,1722300,2560
2011-04-20,2516,2590,2501,2562,2325200,2562
2011-04-19,2440,2459,2397,2416,1632300,2416
2011-04-18,2528,2530,2452,2455,1446200,2455
2011-04-15,2546,2560,2521,2527,689300,2527
2011-04-14,2542,2558,2505,2545,597300,2545
2011-04-13,2507,2547,2487,2540,1113100,2540
2011-04-12,2610,2611,2521,2531,1331500,2531
2011-04-11,2595,2652,2577,2645,1660700,2645
2011-04-08,2500,2594,2500,2582,912000,2582
2011-04-07,2515,2553,2497,2508,785800,2508
2011-04-06,2600,2604,2506,2518,1071800,2518
2011-04-05,2640,2640,2562,2579,668800,2579
2011-04-04,2610,2648,2610,2639,1026500,2639
2011-04-01,2620,2646,2590,2592,1062500,2592
2011-03-31,2630,2650,2600,2627,918700,2627
2011-03-30,2547,2600,2542,2598,1073200,2598
2011-03-29,2480,2550,2464,2531,836000,2531
2011-03-28,2505,2520,2471,2509,856300,2509
2011-03-25,2533,2549,2495,2517,830300,2517
2011-03-24,2539,2579,2511,2516,1099400,2516
2011-03-23,2590,2593,2514,2539,2052800,2539
2011-03-22,2659,2665,2596,2625,1648000,2625
2011-03-18,2571,2603,2561,2600,1633000,2600
2011-03-17,2311,2499,2301,2457,1276500,2457
2011-03-16,2267,2476,2266,2411,1448000,2411
2011-03-15,2376,2391,2050,2239,2189900,2239
2011-03-14,2370,2519,2350,2476,2138100,2476
2011-03-11,2676,2702,2656,2670,1523400,2670
2011-03-10,2805,2818,2716,2726,2189300,2726
2011-03-09,2820,2844,2807,2830,3576200,2830
2011-03-08,2914,2929,2885,2885,1180000,2885
2011-03-07,2904,2921,2868,2908,1419000,2908
2011-03-04,2928,2938,2886,2914,2227900,2914
2011-03-03,2843,2891,2826,2883,2093800,2883
2011-03-02,2805,2824,2773,2806,1500700,2806
2011-03-01,2829,2834,2787,2823,1508500,2823
2011-02-28,2726,2815,2716,2815,1258500,2815
2011-02-25,2696,2741,2690,2725,834600,2725
2011-02-24,2715,2743,2687,2698,1599800,2698
2011-02-23,2757,2799,2729,2758,1720200,2758
2011-02-22,2811,2843,2791,2807,1194700,2807
2011-02-21,2872,2902,2845,2852,1653800,2852
2011-02-18,2775,2863,2775,2856,2398100,2856
2011-02-17,2769,2824,2752,2787,2680600,2787
2011-02-16,2746,2757,2714,2720,2061100,2720
2011-02-15,2736,2757,2731,2753,696400,2753
2011-02-14,2744,2753,2703,2730,1388900,2730
2011-02-10,2730,2748,2693,2739,1237400,2739
2011-02-09,2754,2774,2725,2739,1071700,2739
2011-02-08,2765,2769,2723,2753,1344500,2753
2011-02-07,2729,2764,2711,2741,1511900,2741
2011-02-04,2656,2734,2655,2689,1794400,2689
2011-02-03,2697,2700,2608,2641,3565400,2641
2011-02-02,2832,2885,2600,2705,6081900,2705
2011-02-01,2788,2803,2759,2782,1328500,2782
2011-01-31,2760,2778,2708,2774,1269600,2774
2011-01-28,2825,2840,2804,2835,1561200,2835
2011-01-27,2794,2803,2749,2799,811800,2799
2011-01-26,2806,2817,2772,2781,920700,2781
2011-01-25,2737,2807,2724,2794,1822900,2794
2011-01-24,2684,2748,2647,2704,1935600,2704
2011-01-21,2778,2778,2667,2692,2608500,2692
2011-01-20,2841,2842,2762,2778,2472100,2778
2011-01-19,2911,2915,2842,2861,1852500,2861
2011-01-18,2863,2879,2836,2861,1926100,2861
2011-01-17,2900,2918,2891,2906,1764600,2906
2011-01-14,2855,2912,2826,2860,3129000,2860
2011-01-13,2841,2850,2797,2829,1487200,2829
2011-01-12,2830,2868,2811,2818,2203300,2818
2011-01-11,2744,2781,2732,2775,1311800,2775
2011-01-07,2746,2746,2720,2721,1148200,2721
2011-01-06,2743,2748,2725,2731,1222800,2731
2011-01-05,2668,2737,2665,2693,1379000,2693
2011-01-04,2600,2684,2586,2673,1533900,2673
2010-12-30,2561,2569,2526,2562,809700,2562
2010-12-29,2571,2574,2545,2574,512500,2574
2010-12-28,2560,2585,2541,2573,728700,2573
2010-12-27,2531,2573,2530,2566,721300,2566
2010-12-24,2524,2535,2515,2527,392600,2527
2010-12-22,2528,2544,2514,2534,933600,2534
2010-12-21,2509,2547,2509,2537,633300,2537
2010-12-20,2540,2550,2495,2517,1154800,2517
2010-12-17,2542,2563,2542,2560,916000,2560
2010-12-16,2566,2570,2537,2540,709600,2540
2010-12-15,2567,2590,2545,2561,1914700,2561
2010-12-14,2555,2575,2523,2534,2022800,2534
2010-12-13,2520,2579,2513,2575,1100100,2575
2010-12-10,2519,2556,2500,2536,1528800,2536
2010-12-09,2527,2541,2510,2533,1912200,2533
2010-12-08,2529,2571,2529,2553,1244500,2553
2010-12-07,2547,2558,2511,2527,2148500,2527
2010-12-06,2500,2564,2492,2557,2113300,2557
2010-12-03,2440,2516,2435,2504,2826800,2504
2010-12-02,2411,2432,2365,2418,2099300,2418
2010-12-01,2280,2311,2263,2311,838100,2311
2010-11-30,2364,2378,2300,2300,1412900,2300
2010-11-29,2385,2398,2360,2375,661800,2375
2010-11-26,2357,2389,2355,2366,808500,2366
2010-11-25,2401,2406,2367,2373,1371200,2373
2010-11-24,2321,2382,2308,2360,1519300,2360
2010-11-22,2378,2427,2362,2401,1778600,2401
2010-11-19,2350,2369,2321,2323,1413300,2323
2010-11-18,2282,2324,2257,2320,1202900,2320
2010-11-17,2228,2294,2222,2275,972000,2275
2010-11-16,2304,2325,2231,2272,1521800,2272
2010-11-15,2220,2313,2210,2306,1623500,2306
2010-11-12,2235,2244,2205,2223,1181300,2223
2010-11-11,2250,2292,2243,2256,2235300,2256
2010-11-10,2142,2199,2135,2192,1660400,2192
2010-11-09,2140,2141,2103,2117,1093900,2117
2010-11-08,2069,2150,2060,2137,2856700,2137
2010-11-05,1952,2042,1916,2038,4060100,2038
2010-11-04,1990,1991,1901,1916,3715400,1916
2010-11-02,1981,1997,1958,1971,1299600,1971
2010-11-01,1956,1994,1930,1981,1079600,1981
2010-10-29,2015,2032,1960,1982,1581000,1982
2010-10-28,1987,2011,1956,2008,2071100,2008
2010-10-27,2012,2033,1990,2008,1242200,2008
2010-10-26,1956,1989,1954,1985,1096000,1985
2010-10-25,1970,1985,1950,1969,981600,1969
2010-10-22,1982,2005,1974,1988,1068100,1988
2010-10-21,2012,2013,1977,2007,1173200,2007
2010-10-20,1995,2015,1975,2010,1247000,2010
2010-10-19,1999,2028,1995,2020,1052900,2020
2010-10-18,1976,2038,1972,2009,1516100,2009
2010-10-15,2040,2042,1964,1982,3037300,1982
2010-10-14,2085,2086,2040,2043,2451800,2043
2010-10-13,2120,2128,2084,2096,1761400,2096
2010-10-12,2083,2125,2057,2063,2035100,2063
2010-10-08,2079,2094,2055,2063,1475200,2063
2010-10-07,2137,2145,2087,2103,1126600,2103
2010-10-06,2125,2170,2104,2168,1645900,2168
2010-10-05,2053,2089,2022,2075,1533900,2075
2010-10-04,2108,2122,2060,2072,1027900,2072
2010-10-01,2129,2136,2094,2101,1032500,2101
2010-09-30,2175,2185,2118,2119,832500,2119
2010-09-29,2143,2200,2136,2189,987200,2189
2010-09-28,2187,2201,2150,2156,784200,2156
2010-09-27,2207,2223,2177,2210,902500,2210
2010-09-24,2159,2200,2131,2163,1799100,2163
2010-09-22,2278,2278,2197,2197,1040900,2197
2010-09-21,2295,2299,2261,2272,1144600,2272
2010-09-17,2224,2275,2202,2258,1262300,2258
2010-09-16,2250,2260,2207,2222,1763600,2222
2010-09-15,2081,2246,2067,2190,2392000,2190
2010-09-14,2145,2156,2101,2110,865500,2110
2010-09-13,2175,2190,2144,2148,683200,2148
2010-09-10,2120,2156,2104,2135,1128700,2135
2010-09-09,2120,2125,2075,2083,1065400,2083
2010-09-08,2159,2172,2099,2105,2026600,2105
2010-09-07,2224,2272,2205,2259,1592900,2259
2010-09-06,2190,2233,2174,2233,1126600,2233
2010-09-03,2109,2150,2081,2148,980400,2148
2010-09-02,2073,2102,2065,2100,1333100,2100
2010-09-01,2020,2045,1998,2029,1363600,2029
2010-08-31,2070,2078,2018,2024,1637800,2024
2010-08-30,2160,2199,2135,2139,1326300,2139
2010-08-27,2055,2118,2015,2104,1316200,2104
2010-08-26,2083,2088,2053,2068,1011800,2068
2010-08-25,2078,2113,2060,2083,742400,2083
2010-08-24,2130,2154,2117,2127,689000,2127
2010-08-23,2190,2193,2143,2178,995900,2178
2010-08-20,2202,2254,2200,2219,937200,2219
2010-08-19,2201,2250,2201,2250,837100,2250
2010-08-18,2214,2223,2173,2196,837300,2196
2010-08-17,2180,2189,2161,2178,865600,2178
2010-08-16,2220,2220,2182,2207,938800,2207
2010-08-13,2232,2253,2200,2250,935400,2250
2010-08-12,2230,2233,2191,2232,1163000,2232
2010-08-11,2300,2305,2243,2280,1535100,2280
2010-08-10,2339,2385,2319,2333,1182300,2333
2010-08-09,2308,2339,2306,2331,667700,2331
2010-08-06,2357,2364,2321,2344,930400,2344
2010-08-05,2413,2425,2333,2356,945300,2356
2010-08-04,2433,2442,2357,2357,1486000,2357
2010-08-03,2599,2605,2437,2447,3172700,2447
2010-08-02,2580,2616,2551,2561,1441800,2561
2010-07-30,2549,2594,2533,2581,2238200,2581
2010-07-29,2488,2582,2465,2533,1643700,2533
2010-07-28,2422,2532,2418,2525,1292000,2525
2010-07-27,2391,2418,2379,2384,1055800,2384
2010-07-26,2335,2383,2332,2378,866700,2378
2010-07-23,2327,2330,2293,2313,1299300,2313
2010-07-22,2315,2316,2265,2277,1343300,2277
2010-07-21,2385,2391,2321,2338,921300,2338
2010-07-20,2389,2389,2334,2343,2187500,2343
2010-07-16,2492,2511,2418,2425,1369600,2425
2010-07-15,2590,2598,2556,2558,578100,2558
2010-07-14,2636,2644,2605,2618,1341100,2618
2010-07-13,2549,2603,2522,2536,1608400,2536
2010-07-12,2584,2618,2540,2550,1082300,2550
2010-07-09,2547,2597,2508,2586,1563300,2586
2010-07-08,2470,2505,2468,2498,1024000,2498
2010-07-07,2432,2448,2380,2406,860900,2406
2010-07-06,2345,2431,2310,2431,966000,2431
2010-07-05,2325,2371,2320,2347,712400,2347
2010-07-02,2371,2417,2328,2339,1111500,2339
2010-07-01,2390,2404,2323,2365,1143900,2365
2010-06-30,2390,2420,2379,2420,1276700,2420
2010-06-29,2550,2560,2468,2476,1099000,2476
2010-06-28,2550,2561,2523,2533,805900,2533
2010-06-25,2535,2552,2505,2529,1077000,2529
2010-06-24,2595,2615,2571,2573,817200,2573
2010-06-23,2625,2625,2596,2603,657600,2603
2010-06-22,2685,2687,2657,2662,494900,2662
2010-06-21,2690,2707,2672,2702,598000,2702
2010-06-18,2698,2710,2655,2665,776000,2665
2010-06-17,2784,2784,2665,2683,1675700,2683
2010-06-16,2780,2807,2745,2783,870700,2783
2010-06-15,2706,2763,2694,2737,615100,2737
2010-06-14,2682,2728,2675,2719,721100,2719
2010-06-11,2651,2688,2650,2652,793900,2652
2010-06-10,2583,2607,2550,2600,1088900,2600
2010-06-09,2627,2646,2565,2582,1404700,2582
2010-06-08,2632,2685,2624,2631,1050400,2631
2010-06-07,2667,2682,2650,2660,887100,2660
2010-06-04,2801,2830,2743,2764,1558000,2764
2010-06-03,2750,2829,2750,2826,948200,2826
2010-06-02,2702,2791,2692,2718,988800,2718
2010-06-01,2770,2782,2702,2745,796300,2745
2010-05-31,2755,2806,2734,2743,714500,2743
2010-05-28,2770,2804,2737,2770,1607300,2770
2010-05-27,2600,2698,2599,2692,1259000,2692
2010-05-26,2643,2668,2563,2608,1493900,2608
2010-05-25,2700,2712,2620,2635,1084000,2635
2010-05-24,2730,2740,2665,2726,1351900,2726
2010-05-21,2731,2740,2703,2724,2203500,2724
2010-05-20,2882,2890,2842,2855,1225100,2855
2010-05-19,2850,2919,2808,2918,1206900,2918
2010-05-18,2960,2961,2880,2897,1635800,2897
2010-05-17,3010,3010,2926,2969,1843000,2969
2010-05-14,3085,3110,3060,3080,933400,3080
2010-05-13,3160,3170,3115,3155,1178100,3155
2010-05-12,3115,3145,3055,3090,1023400,3090
2010-05-11,3270,3300,3080,3105,1417000,3105
2010-05-10,3150,3260,3130,3250,1078200,3250
2010-05-07,3115,3195,3115,3150,1645600,3150
2010-05-06,3340,3340,3270,3270,1189800,3270
2010-04-30,3470,3470,3400,3410,1349000,3410
2010-04-28,3365,3440,3350,3400,2827800,3400
2010-04-27,3600,3600,3530,3575,1128800,3575
2010-04-26,3610,3635,3565,3600,1207300,3600
2010-04-23,3555,3615,3540,3575,761500,3575
2010-04-22,3565,3600,3520,3580,1327700,3580
2010-04-21,3480,3605,3465,3595,1860900,3595
2010-04-20,3450,3485,3400,3420,1020000,3420
2010-04-19,3460,3515,3435,3440,1131600,3440
2010-04-16,3500,3555,3490,3530,1678600,3530
2010-04-15,3450,3535,3430,3525,2458700,3525
2010-04-14,3400,3445,3380,3400,2323400,3400
2010-04-13,3300,3340,3290,3340,2026600,3340
2010-04-12,3245,3255,3210,3215,799500,3215
2010-04-09,3205,3220,3170,3200,698000,3200
2010-04-08,3210,3275,3210,3220,626600,3220
2010-04-07,3290,3320,3275,3280,620600,3280
2010-04-06,3310,3320,3270,3285,842300,3285
2010-04-05,3285,3300,3270,3295,602300,3295
2010-04-02,3295,3300,3235,3245,741500,3245
2010-04-01,3235,3250,3165,3230,846400,3230
2010-03-31,3300,3320,3205,3220,1152100,3220
2010-03-30,3170,3230,3160,3230,1373300,3230
2010-03-29,3065,3150,3055,3135,980500,3135
2010-03-26,3005,3065,2992,3065,1276800,3065
2010-03-25,3030,3045,2977,3005,1148300,3005
2010-03-24,3020,3045,3005,3010,697300,3010
2010-03-23,3035,3050,3020,3025,528700,3025
2010-03-19,3025,3055,3015,3050,934300,3050
2010-03-18,3070,3075,3015,3020,936200,3020
2010-03-17,3075,3085,3040,3070,594200,3070
2010-03-16,3035,3055,3025,3040,400200,3040
2010-03-15,3075,3085,3025,3055,563400,3055
2010-03-12,3095,3095,3045,3070,629200,3070
2010-03-11,3030,3095,3025,3065,850100,3065
2010-03-10,2974,3025,2961,3010,1134200,3010
2010-03-09,2923,2983,2907,2974,1270800,2974
2010-03-08,2976,2979,2929,2942,1226400,2942
2010-03-05,2941,2971,2895,2909,1751800,2909
2010-03-04,2980,2995,2912,2921,1915200,2921
2010-03-03,2991,3025,2977,3010,332700,3010
2010-03-02,2996,3020,2982,3010,624300,3010
2010-03-01,2993,2993,2971,2981,476300,2981
2010-02-26,2990,3020,2967,2993,630700,2993
2010-02-25,3060,3075,2973,3010,693100,3010
2010-02-24,3030,3075,3005,3060,820600,3060
2010-02-23,3120,3120,3050,3070,774400,3070
2010-02-22,3090,3140,3085,3120,792600,3120
2010-02-19,3100,3120,3030,3035,688900,3035
2010-02-18,3055,3115,3035,3110,703200,3110
2010-02-17,3040,3080,3020,3080,746800,3080
2010-02-16,2990,3005,2966,2988,674500,2988
2010-02-15,3050,3060,2986,2996,835800,2996
2010-02-12,2979,2988,2925,2960,806200,2960
2010-02-10,3020,3050,2967,2976,917600,2976
2010-02-09,2921,2979,2920,2968,688900,2968
2010-02-08,3010,3045,2937,2951,1234600,2951
2010-02-05,2937,3035,2901,3020,1324600,3020
2010-02-04,3145,3190,2966,3010,3158200,3010
2010-02-03,3215,3245,3175,3195,660400,3195
2010-02-02,3190,3205,3150,3185,651900,3185
2010-02-01,3105,3140,3080,3125,792100,3125
2010-01-29,3095,3135,3075,3100,545100,3100
2010-01-28,3120,3190,3105,3145,906900,3145
2010-01-27,3160,3180,3075,3075,702100,3075
2010-01-26,3175,3195,3065,3090,884600,3090
2010-01-25,3160,3185,3135,3180,820200,3180
2010-01-22,3220,3255,3210,3230,591500,3230
2010-01-21,3210,3300,3205,3290,571500,3290
2010-01-20,3300,3310,3235,3240,462100,3240
2010-01-19,3340,3345,3250,3275,475600,3275
2010-01-18,3310,3340,3300,3330,503300,3330
2010-01-15,3390,3440,3360,3370,1396000,3370
2010-01-14,3250,3360,3215,3360,1234400,3360
2010-01-13,3300,3315,3250,3260,981800,3260
2010-01-12,3305,3380,3305,3325,1307500,3325
2010-01-08,3270,3370,3270,3365,811700,3365
2010-01-07,3325,3340,3250,3265,541500,3265
2010-01-06,3380,3390,3305,3320,502300,3320
2010-01-05,3385,3405,3340,3350,636700,3350
2010-01-04,3300,3335,3300,3315,479800,3315
2009-12-30,3330,3350,3300,3300,356300,3300
2009-12-29,3390,3410,3320,3330,540400,3330
2009-12-28,3350,3450,3350,3370,1201900,3370
2009-12-25,3330,3360,3290,3330,781400,3330
2009-12-24,3250,3320,3230,3290,807600,3290
2009-12-22,3160,3250,3140,3210,828200,3210
2009-12-21,3140,3190,3130,3140,542000,3140
2009-12-18,3080,3120,3030,3120,472800,3120
2009-12-17,3150,3160,3100,3100,643400,3100
2009-12-16,3180,3210,3130,3140,703700,3140
2009-12-15,3130,3160,3120,3140,576800,3140
2009-12-14,3160,3210,3140,3180,489100,3180
2009-12-11,3140,3180,3110,3170,635500,3170
2009-12-10,3160,3170,3070,3090,490300,3090
2009-12-09,3160,3210,3130,3180,559200,3180
2009-12-08,3180,3230,3150,3210,567700,3210
2009-12-07,3230,3250,3200,3220,912400,3220
2009-12-04,3100,3150,3070,3150,1060700,3150
2009-12-03,3030,3120,3020,3110,1026100,3110
2009-12-02,2945,3010,2915,2985,980600,2985
2009-12-01,2900,2990,2855,2985,989000,2985
2009-11-30,2865,2940,2860,2920,1059800,2920
2009-11-27,2830,2855,2790,2805,1489500,2805
2009-11-26,2900,2930,2865,2920,1120600,2920
2009-11-25,3000,3020,2920,2965,1627400,2965
2009-11-24,3040,3070,3020,3050,886700,3050
2009-11-20,2935,3060,2930,3030,1423900,3030
2009-11-19,3090,3090,2935,2975,1464300,2975
2009-11-18,3100,3110,3060,3070,1002600,3070
2009-11-17,3130,3140,3060,3060,1009200,3060
2009-11-16,3200,3200,3100,3140,694600,3140
2009-11-13,3300,3310,3210,3230,784500,3230
2009-11-12,3300,3330,3270,3300,1342200,3300
2009-11-11,3220,3240,3180,3210,488300,3210
2009-11-10,3310,3320,3200,3220,871800,3220
2009-11-09,3220,3320,3200,3270,1355100,3270
2009-11-06,3210,3270,3170,3180,1616600,3180
2009-11-05,3160,3170,3070,3080,1016300,3080
2009-11-04,3150,3160,3070,3120,958000,3120
2009-11-02,3170,3200,3100,3190,1136900,3190
2009-10-30,3230,3340,3180,3340,1259800,3340
2009-10-29,3030,3170,3020,3140,1388000,3140
2009-10-28,3230,3250,3120,3160,984700,3160
2009-10-27,3350,3350,3260,3280,578700,3280
2009-10-26,3340,3400,3330,3370,559500,3370
2009-10-23,3410,3410,3350,3360,499700,3360
2009-10-22,3360,3400,3320,3390,736000,3390
2009-10-21,3400,3400,3360,3390,488000,3390
2009-10-20,3410,3410,3370,3390,467600,3390
2009-10-19,3310,3360,3270,3360,781900,3360
2009-10-16,3430,3440,3320,3360,664800,3360
2009-10-15,3430,3440,3370,3400,921800,3400
2009-10-14,3470,3500,3310,3330,1522400,3330
2009-10-13,3350,3450,3340,3420,1697800,3420
2009-10-09,3200,3310,3200,3290,1329000,3290
2009-10-08,3200,3230,3160,3200,788300,3200
2009-10-07,3220,3260,3140,3160,1594100,3160
2009-10-06,3150,3200,3100,3140,844900,3140
2009-10-05,3100,3110,3050,3060,467600,3060
2009-10-02,3120,3130,3030,3080,1081100,3080
2009-10-01,3300,3310,3190,3200,751800,3200
2009-09-30,3310,3430,3300,3340,1429600,3340
2009-09-29,3280,3290,3210,3250,584500,3250
2009-09-28,3320,3320,3190,3220,686600,3220
2009-09-25,3400,3440,3380,3380,564500,3380
2009-09-24,3400,3490,3380,3480,1432900,3480
2009-09-18,3330,3410,3300,3370,1050400,3370
2009-09-17,3380,3400,3320,3340,927500,3340
2009-09-16,3310,3370,3280,3330,1027000,3330
2009-09-15,3310,3330,3250,3270,590800,3270
2009-09-14,3400,3400,3250,3260,1329200,3260
2009-09-11,3470,3480,3400,3430,832200,3430
2009-09-10,3440,3450,3400,3450,1110400,3450
2009-09-09,3400,3420,3350,3390,759300,3390
2009-09-08,3380,3400,3340,3390,1035100,3390
2009-09-07,3290,3380,3280,3370,988500,3370
2009-09-04,3280,3300,3210,3220,1256800,3220
2009-09-03,3330,3360,3270,3270,1120000,3270
2009-09-02,3320,3380,3300,3320,1788100,3320
2009-09-01,3310,3440,3290,3420,1695400,3420
2009-08-31,3220,3350,3220,3310,2567900,3310
2009-08-28,3260,3270,3100,3160,1966900,3160
2009-08-27,3270,3290,3210,3260,995200,3260
2009-08-26,3240,3290,3210,3280,981900,3280
2009-08-25,3170,3210,3160,3210,629200,3210
2009-08-24,3130,3220,3130,3220,1279500,3220
2009-08-21,3120,3120,3010,3070,887000,3070
2009-08-20,3040,3100,3010,3080,758500,3080
2009-08-19,3070,3110,3030,3050,521100,3050
2009-08-18,3050,3060,3010,3040,755400,3040
2009-08-17,3140,3140,3080,3110,580500,3110
2009-08-14,3130,3170,3120,3160,466300,3160
2009-08-13,3160,3170,3120,3140,884600,3140
2009-08-12,3090,3190,3080,3140,721800,3140
2009-08-11,3110,3140,3100,3130,499200,3130
2009-08-10,3170,3180,3090,3140,698800,3140
2009-08-07,3110,3120,3010,3070,719300,3070
2009-08-06,3000,3100,2995,3080,895400,3080
2009-08-05,3090,3110,3000,3010,644100,3010
2009-08-04,3230,3240,3050,3060,1077000,3060
2009-08-03,3150,3230,3090,3150,1696900,3150
2009-07-31,3000,3200,2990,3150,3474300,3150
2009-07-30,2880,2920,2855,2905,778500,2905
2009-07-29,2835,2895,2830,2890,625000,2890
2009-07-28,2890,2900,2835,2875,551300,2875
2009-07-27,2845,2905,2835,2885,1306100,2885
2009-07-24,2850,2860,2805,2825,668100,2825
2009-07-23,2795,2870,2785,2810,1152700,2810
2009-07-22,2805,2810,2750,2760,1425900,2760
2009-07-21,2760,2840,2755,2835,1291700,2835
2009-07-17,2745,2745,2640,2705,1081300,2705
2009-07-16,2755,2770,2690,2690,1384200,2690
2009-07-15,2720,2735,2635,2655,2450200,2655
2009-07-14,2510,2625,2500,2620,1525000,2620
2009-07-13,2560,2595,2450,2460,1195900,2460
2009-07-10,2590,2640,2585,2600,750700,2600
2009-07-09,2600,2630,2555,2600,1097300,2600
2009-07-08,2670,2675,2620,2645,670200,2645
2009-07-07,2775,2795,2695,2725,844600,2725
2009-07-06,2825,2835,2765,2780,920000,2780
2009-07-03,2705,2825,2680,2820,1680600,2820
2009-07-02,2740,2760,2690,2745,1074500,2745
2009-07-01,2680,2755,2655,2705,1082000,2705
2009-06-30,2730,2735,2680,2715,758600,2715
2009-06-29,2725,2750,2650,2670,763100,2670
2009-06-26,2725,2735,2685,2715,521200,2715
2009-06-25,2655,2715,2625,2675,956900,2675
2009-06-24,2635,2650,2560,2620,1240700,2620
2009-06-23,2550,2660,2520,2630,2882300,2630
2009-06-22,2725,2730,2620,2630,2235400,2630
2009-06-19,2750,2780,2680,2705,941600,2705
2009-06-18,2800,2805,2675,2710,1540300,2710
2009-06-17,2765,2830,2755,2800,1318000,2800
2009-06-16,2855,2860,2790,2805,1250300,2805
2009-06-15,2995,3000,2890,2895,816000,2895
2009-06-12,3000,3010,2935,2985,1115000,2985
2009-06-11,2975,3030,2955,3020,1225400,3020
2009-06-10,2925,2955,2915,2935,805000,2935
2009-06-09,3000,3010,2915,2925,1059400,2925
2009-06-08,2985,3010,2975,3000,2309900,3000
2009-06-05,2915,2950,2875,2890,1492800,2890
2009-06-04,2860,2920,2815,2845,1413400,2845
2009-06-03,2740,2860,2740,2840,1913100,2840
2009-06-02,2790,2795,2740,2740,1234000,2740
2009-06-01,2705,2770,2680,2740,961900,2740
2009-05-29,2730,2735,2660,2725,1300600,2725
2009-05-28,2635,2745,2630,2740,1256200,2740
2009-05-27,2730,2735,2635,2665,1364200,2665
2009-05-26,2710,2720,2630,2650,1195400,2650
2009-05-25,2730,2745,2685,2725,893200,2725
2009-05-22,2660,2760,2645,2725,858700,2725
2009-05-21,2745,2755,2705,2740,985100,2740
2009-05-20,2825,2835,2735,2815,1363800,2815
2009-05-19,2755,2790,2735,2790,1467000,2790
2009-05-18,2635,2655,2580,2630,1305700,2630
2009-05-15,2715,2750,2675,2735,1331200,2735
2009-05-14,2660,2685,2640,2660,1752100,2660
2009-05-13,2785,2815,2720,2740,1383000,2740
2009-05-12,2770,2825,2770,2790,2062300,2790
2009-05-11,2955,2970,2770,2810,2123600,2810
2009-05-08,2900,2965,2880,2965,1158800,2965
2009-05-07,2995,3000,2900,2940,1855900,2940
2009-05-01,2840,2910,2770,2845,2096400,2845
2009-04-30,2860,2940,2830,2860,2897800,2860
2009-04-28,3060,3070,2805,2820,2987600,2820
2009-04-27,3080,3100,3040,3060,1972900,3060
2009-04-24,2970,3070,2935,2985,2691300,2985
2009-04-23,2970,3020,2895,2970,2159500,2970
2009-04-22,2845,2920,2795,2905,2971400,2905
2009-04-21,2735,2795,2715,2750,2182900,2750
2009-04-20,2685,2875,2675,2855,3270900,2855
2009-04-17,2550,2695,2535,2680,3461000,2680
2009-04-16,2445,2515,2420,2455,2111200,2455
2009-04-15,2430,2455,2320,2360,3231400,2360
2009-04-14,2595,2610,2440,2470,1994300,2470
2009-04-13,2555,2610,2500,2575,1385900,2575
2009-04-10,2590,2590,2435,2490,1432600,2490
2009-04-09,2445,2550,2440,2520,900500,2520
2009-04-08,2470,2470,2370,2395,1346200,2395
2009-04-07,2555,2570,2480,2485,1420000,2485
2009-04-06,2560,2645,2500,2540,2265100,2540
2009-04-03,2575,2615,2450,2480,1770400,2480
2009-04-02,2470,2565,2460,2535,2090900,2535
2009-04-01,2405,2455,2370,2435,1076600,2435
2009-03-31,2360,2475,2355,2365,1307800,2365
2009-03-30,2595,2630,2325,2340,2036800,2340
2009-03-27,2570,2640,2540,2565,1616200,2565
2009-03-26,2465,2500,2450,2490,967700,2490
2009-03-25,2510,2510,2400,2430,1276300,2430
2009-03-24,2570,2570,2470,2515,2014000,2515
2009-03-23,2310,2420,2275,2410,1718300,2410
2009-03-19,2335,2370,2225,2230,1886700,2230
2009-03-18,2475,2485,2305,2305,2210700,2305
2009-03-17,2300,2365,2275,2355,1633900,2355
2009-03-16,2260,2335,2260,2285,1776300,2285
2009-03-13,2170,2215,2165,2210,1816900,2210
2009-03-12,2160,2170,2100,2130,1875300,2130
2009-03-11,2125,2170,2095,2140,2346600,2140
2009-03-10,2020,2065,2000,2045,1693400,2045
2009-03-09,2000,2065,1990,2015,1295400,2015
2009-03-06,2050,2080,2020,2035,1438800,2035
2009-03-05,2065,2120,2045,2100,2520800,2100
2009-03-04,1936,2085,1921,2065,2904000,2065
2009-03-03,1868,1926,1840,1914,1840200,1914
2009-03-02,1856,1918,1850,1886,1430800,1886
2009-02-27,1906,1930,1878,1916,2255800,1916
2009-02-26,1947,2080,1932,1957,2248300,1957
2009-02-25,1974,1995,1934,1977,2293600,1977
2009-02-24,1758,1866,1750,1854,1453100,1854
2009-02-23,1761,1825,1740,1812,2599300,1812
2009-02-20,1936,1950,1820,1845,3125200,1845
2009-02-19,1970,2025,1957,1966,2204700,1966
2009-02-18,1998,2015,1933,1963,5627700,1963
2009-02-17,2120,2185,1993,2055,3136300,2055
2009-02-16,2075,2180,2070,2135,2198900,2135
2009-02-13,2000,2190,1976,2095,3574600,2095
2009-02-12,1925,2035,1911,2010,3294700,2010
2009-02-10,1984,1984,1927,1947,1571300,1947
2009-02-09,2000,2010,1884,1894,1954600,1894
2009-02-06,1987,1998,1905,1917,1378600,1917
2009-02-05,1885,1955,1845,1897,2944600,1897
2009-02-04,1767,1902,1742,1888,4687100,1888
2009-02-03,1669,1750,1651,1677,2179200,1677
2009-02-02,1805,1807,1721,1728,2042000,1728
2009-01-30,1880,1900,1842,1862,1167000,1862
2009-01-29,1944,1955,1917,1942,1693200,1942
2009-01-28,1880,1910,1821,1884,1494400,1884
2009-01-27,1789,1848,1761,1834,1582300,1834
2009-01-26,1653,1752,1646,1709,1197800,1709
2009-01-23,1730,1747,1681,1683,1220900,1683
2009-01-22,1796,1818,1716,1785,1212600,1785
2009-01-21,1802,1842,1760,1766,1425100,1766
2009-01-20,1840,1893,1800,1880,1496800,1880
2009-01-19,1830,1888,1830,1851,1270300,1851
2009-01-16,1720,1838,1720,1831,2014000,1831
2009-01-15,1667,1695,1651,1654,2100600,1654
2009-01-14,1688,1781,1680,1757,1016700,1757
2009-01-13,1688,1731,1680,1687,986000,1687
2009-01-09,1810,1850,1766,1808,1162700,1808
2009-01-08,1920,1927,1805,1809,3242700,1809
2009-01-07,1929,2060,1929,2020,1384900,2020
2009-01-06,1926,1929,1890,1921,1261500,1921
2009-01-05,1900,1904,1870,1896,705900,1896
2008-12-30,1815,1844,1803,1818,547100,1818
2008-12-29,1817,1826,1775,1814,546100,1814
2008-12-26,1766,1787,1757,1787,491500,1787
2008-12-25,1729,1792,1729,1787,501800,1787
2008-12-24,1775,1786,1755,1759,2248400,1759
2008-12-22,1700,1815,1700,1805,2020700,1805
2008-12-19,1618,1719,1601,1661,1625900,1661
2008-12-18,1588,1634,1557,1590,891600,1590
2008-12-17,1740,1745,1541,1591,1382000,1591
2008-12-16,1687,1718,1663,1680,1144100,1680
2008-12-15,1593,1741,1593,1723,2377000,1723
2008-12-12,1591,1599,1491,1533,1769800,1533
2008-12-11,1540,1630,1537,1621,2174700,1621
2008-12-10,1425,1630,1425,1630,2492600,1630
2008-12-09,1372,1453,1370,1430,2148900,1430
2008-12-08,1328,1365,1292,1351,1426400,1351
2008-12-05,1232,1284,1222,1268,1109300,1268
2008-12-04,1310,1342,1229,1249,1818100,1249
2008-12-03,1351,1364,1300,1342,1158600,1342
2008-12-02,1350,1409,1306,1310,1674100,1310
2008-12-01,1496,1496,1405,1417,1628300,1417
2008-11-28,1518,1518,1470,1496,1191100,1496
2008-11-27,1466,1487,1446,1478,1104200,1478
2008-11-26,1380,1447,1355,1426,1680700,1426
2008-11-25,1500,1534,1368,1419,2051100,1419
2008-11-21,1300,1464,1258,1444,2065200,1444
2008-11-20,1430,1450,1346,1352,1777400,1352
2008-11-19,1560,1579,1475,1512,1618700,1512
2008-11-18,1618,1639,1553,1554,1268500,1554
2008-11-17,1610,1726,1575,1648,1487900,1648
2008-11-14,1723,1730,1638,1648,996600,1648
2008-11-13,1600,1640,1583,1603,1480400,1603
2008-11-12,1742,1763,1702,1703,2266500,1703
2008-11-11,1823,1885,1781,1830,1624000,1830
2008-11-10,1831,1899,1822,1881,1798400,1881
2008-11-07,1580,1751,1571,1667,3095500,1667
2008-11-06,1985,2010,1803,1830,2117100,1830
2008-11-05,1990,2145,1981,2145,1808300,2145
2008-11-04,1852,1920,1845,1910,1404200,1910
2008-10-31,1830,1925,1751,1793,1506600,1793
2008-10-30,1634,1830,1600,1830,2038300,1830
2008-10-29,1661,1661,1573,1634,1854000,1634
2008-10-28,1379,1495,1300,1471,2121300,1471
2008-10-27,1394,1575,1390,1399,2194700,1399
2008-10-24,1587,1587,1410,1414,1607400,1414
2008-10-23,1671,1679,1545,1639,2052700,1639
2008-10-22,1832,1835,1721,1731,1287100,1731
2008-10-21,1828,1860,1803,1859,1636100,1859
2008-10-20,1799,1827,1745,1793,1575300,1793
2008-10-17,1770,1809,1680,1740,1523300,1740
2008-10-16,1780,1850,1710,1710,4301700,1710
2008-10-15,2200,2205,2025,2110,2355200,2110
2008-10-14,2245,2245,2180,2240,1052800,2240
2008-10-10,1890,2045,1834,1944,2841500,1944
2008-10-09,1810,2070,1621,2065,4128000,2065
2008-10-08,1990,2050,1876,1900,3690700,1900
2008-10-07,1969,2125,1931,2110,2668100,2110
2008-10-06,2050,2140,2010,2050,1965500,2050
2008-10-03,2205,2220,2060,2110,2531200,2110
2008-10-02,2475,2485,2265,2285,1382000,2285
2008-10-01,2560,2585,2450,2465,1013400,2465
2008-09-30,2355,2560,2350,2490,1247000,2490
2008-09-29,2735,2755,2565,2595,1247300,2595
2008-09-26,2795,2835,2640,2675,894500,2675
2008-09-25,2720,2810,2670,2790,1139500,2790
2008-09-24,2780,2790,2605,2705,1253800,2705
2008-09-22,2855,2860,2770,2810,889000,2810
2008-09-19,2610,2730,2610,2710,1980600,2710
2008-09-18,2500,2545,2475,2530,1763000,2530
2008-09-17,2730,2740,2565,2580,1463500,2580
2008-09-16,2670,2750,2655,2725,1230500,2725
2008-09-12,2850,2860,2795,2850,1136800,2850
2008-09-11,2820,2875,2765,2770,2111800,2770
2008-09-10,2845,2905,2815,2840,1982100,2840
2008-09-09,3090,3100,2920,2965,1358100,2965
2008-09-08,3110,3190,3090,3140,1648700,3140
2008-09-05,2825,2920,2815,2915,1777900,2915
2008-09-04,3010,3020,2855,2925,3262700,2925
2008-09-03,3120,3130,3030,3040,1227700,3040
2008-09-02,3110,3170,3060,3100,1549900,3100
2008-09-01,3210,3270,3100,3110,2206400,3110
2008-08-29,3200,3250,3160,3250,1514100,3250
2008-08-28,3290,3300,3100,3170,2805700,3170
2008-08-27,3270,3300,3230,3290,1068500,3290
2008-08-26,3190,3260,3140,3210,1280300,3210
2008-08-25,3280,3320,3250,3290,1081500,3290
2008-08-22,3330,3350,3150,3180,1885000,3180
2008-08-21,3390,3410,3310,3350,1003000,3350
2008-08-20,3400,3410,3310,3350,2064300,3350
2008-08-19,3450,3510,3390,3480,1601500,3480
2008-08-18,3620,3640,3560,3600,1121900,3600
2008-08-15,3640,3670,3570,3670,1117900,3670
2008-08-14,3520,3700,3500,3690,1907700,3690
2008-08-13,3690,3710,3500,3520,2458600,3520
2008-08-12,3780,3880,3760,3790,1740800,3790
2008-08-11,3690,3820,3680,3790,1583500,3790
2008-08-08,3510,3770,3500,3680,3818300,3680
2008-08-07,3500,3660,3460,3600,4198500,3600
2008-08-06,3220,3460,3190,3400,3564500,3400
2008-08-05,3150,3160,3050,3070,2485200,3070
2008-08-04,3040,3190,3000,3150,2860100,3150
2008-08-01,3150,3180,3030,3050,1836800,3050
2008-07-31,3310,3320,3160,3220,931600,3220
2008-07-30,3330,3390,3280,3310,766300,3310
2008-07-29,3250,3260,3190,3230,1017600,3230
2008-07-28,3410,3450,3260,3290,1302800,3290
2008-07-25,3480,3500,3350,3400,2050800,3400
2008-07-24,3400,3590,3390,3570,2360900,3570
2008-07-23,3250,3410,3250,3310,1631400,3310
2008-07-22,3110,3190,3070,3180,1623800,3180
2008-07-18,3280,3290,3090,3100,2066700,3100
2008-07-17,3200,3380,3190,3240,3584600,3240
2008-07-16,3210,3230,3020,3080,3296700,3080
2008-07-15,3310,3320,3120,3140,1867500,3140
2008-07-14,3270,3460,3260,3340,1624000,3340
2008-07-11,3330,3410,3270,3320,1453700,3320
2008-07-10,3350,3410,3280,3370,2116800,3370
2008-07-09,3530,3590,3440,3450,1619700,3450
2008-07-08,3630,3670,3410,3440,1833800,3440
2008-07-07,3620,3640,3520,3610,1029900,3610
2008-07-04,3650,3650,3550,3590,2018400,3590
2008-07-03,3800,3800,3630,3650,2608300,3650
2008-07-02,3950,3980,3810,3830,881500,3830
2008-07-01,3910,3980,3900,3930,1115000,3930
2008-06-30,3900,3940,3840,3860,1073800,3860
2008-06-27,3890,3950,3860,3950,1339600,3950
2008-06-26,4100,4200,4060,4070,941500,4070
2008-06-25,4110,4130,4050,4100,873400,4100
2008-06-24,4170,4200,4120,4150,973900,4150
2008-06-23,4200,4220,4100,4220,1649700,4220
2008-06-20,4430,4450,4310,4330,722100,4330
2008-06-19,4440,4480,4380,4430,817400,4430
2008-06-18,4500,4550,4480,4540,557500,4540
2008-06-17,4550,4550,4470,4520,631100,4520
2008-06-16,4500,4550,4410,4530,893000,4530
2008-06-13,4350,4470,4310,4420,1292900,4420
2008-06-12,4360,4380,4290,4340,2206600,4340
2008-06-11,4500,4500,4340,4460,1611900,4460
2008-06-10,4690,4710,4460,4470,1451900,4470
2008-06-09,4560,4740,4560,4700,981400,4700
2008-06-06,4730,4780,4680,4750,1430700,4750
2008-06-05,4650,4660,4530,4580,1305800,4580
2008-06-04,4600,4710,4550,4690,1372200,4690
2008-06-03,4510,4650,4500,4580,1767900,4580
2008-06-02,4470,4580,4390,4560,1476300,4560
2008-05-30,4410,4440,4340,4440,1131100,4440
2008-05-29,4220,4350,4170,4320,1401300,4320
2008-05-28,4410,4430,4210,4250,1019700,4250
2008-05-27,4350,4380,4300,4360,464100,4360
2008-05-26,4360,4460,4300,4310,939400,4310
2008-05-23,4540,4610,4450,4460,1566200,4460
2008-05-22,4370,4540,4360,4530,1678300,4530
2008-05-21,4510,4520,4290,4370,3909500,4370
2008-05-20,4710,4750,4570,4630,1758300,4630
2008-05-19,4900,4920,4780,4810,815800,4810
2008-05-16,4970,5000,4900,4910,671000,4910
2008-05-15,4980,5030,4880,4880,925900,4880
2008-05-14,4820,4890,4780,4880,1223200,4880
2008-05-13,4750,4800,4650,4740,569100,4740
2008-05-12,4600,4780,4540,4740,853000,4740
2008-05-09,4930,4930,4680,4680,1320100,4680
2008-05-08,4800,4980,4760,4920,2099800,4920
2008-05-07,4820,4880,4750,4800,1928900,4800
2008-05-02,4760,4800,4730,4760,1721400,4760
2008-05-01,4530,4690,4520,4610,2328000,4610
2008-04-30,4410,4570,4360,4520,2138700,4520
2008-04-28,4400,4480,4360,4460,2596000,4460
2008-04-25,4190,4320,4100,4300,6203400,4300
2008-04-24,4630,4650,4530,4590,1002200,4590
2008-04-23,4470,4660,4440,4630,1147600,4630
2008-04-22,4680,4690,4570,4570,864900,4570
2008-04-21,4790,4800,4710,4750,1579700,4750
2008-04-18,4640,4660,4520,4610,1264500,4610
2008-04-17,4740,4760,4650,4720,2266100,4720
2008-04-16,4300,4550,4260,4460,2353000,4460
2008-04-15,4150,4150,4000,4050,1632700,4050
2008-04-14,4180,4260,4160,4170,794400,4170
2008-04-11,4310,4380,4260,4350,1671600,4350
2008-04-10,4410,4410,4270,4270,878500,4270
2008-04-09,4540,4550,4340,4430,764100,4430
2008-04-08,4710,4730,4530,4560,931800,4560
2008-04-07,4550,4730,4490,4720,1374400,4720
2008-04-04,4490,4550,4420,4460,1002200,4460
2008-04-03,4380,4520,4370,4500,2153700,4500
2008-04-02,4130,4280,4100,4280,2155200,4280
2008-04-01,3930,3940,3780,3880,1246200,3880
2008-03-31,3940,4020,3840,3920,1443400,3920
2008-03-28,3750,3940,3730,3890,2068400,3890
2008-03-27,4020,4050,3850,3900,1643400,3900
2008-03-26,4140,4230,4060,4120,867600,4120
2008-03-25,4040,4190,4030,4160,1694200,4160
2008-03-24,3940,4020,3920,3940,490200,3940
2008-03-21,3960,4000,3860,3990,667200,3990
2008-03-19,3960,4090,3870,3910,1371900,3910
2008-03-18,3810,3870,3720,3810,1339500,3810
2008-03-17,3900,3950,3760,3860,2136700,3860
2008-03-14,4180,4200,4050,4100,1615000,4100
2008-03-13,4500,4510,4190,4230,1351800,4230
2008-03-12,4650,4680,4450,4490,1288100,4490
2008-03-11,4260,4370,4190,4370,1097900,4370
2008-03-10,4350,4420,4290,4320,796900,4320
2008-03-07,4600,4610,4370,4450,1490800,4450
2008-03-06,4670,4840,4660,4780,1255500,4780
2008-03-05,4740,4740,4590,4650,910800,4650
2008-03-04,4820,4870,4710,4760,1266700,4760
2008-03-03,4860,4870,4750,4770,1321200,4770
2008-02-29,5160,5220,5050,5080,1267000,5080
2008-02-28,5300,5330,5230,5300,1502000,5300
2008-02-27,5380,5470,5370,5420,2154600,5420
2008-02-26,5300,5310,5220,5240,1861200,5240
2008-02-25,5100,5220,5010,5120,1866000,5120
2008-02-22,4870,4980,4840,4960,1108100,4960
2008-02-21,4890,5010,4840,4930,1699600,4930
2008-02-20,4960,5010,4820,4860,2427600,4860
2008-02-19,4950,4970,4840,4900,1231700,4900
2008-02-18,4930,5000,4850,4870,1278800,4870
2008-02-15,4750,5030,4720,5030,3414500,5030
2008-02-14,4690,4840,4660,4800,2348700,4800
2008-02-13,4670,4720,4470,4520,3043800,4520
2008-02-12,4810,4850,4630,4670,2401700,4670
2008-02-08,5060,5120,4810,4860,1531000,4860
2008-02-07,5100,5170,5050,5120,2093800,5120
2008-02-06,5010,5180,4950,4980,4141200,4980
2008-02-05,4960,5420,4960,5280,8671700,5280
2008-02-04,5760,5760,5760,5760,129500,5760
2008-02-01,6730,6810,6700,6760,839100,6760
2008-01-31,6500,6720,6370,6700,1229000,6700
2008-01-30,6840,6840,6400,6520,1776800,6520
2008-01-29,6700,6830,6680,6780,1369800,6780
2008-01-28,6700,6730,6440,6470,768700,6470
2008-01-25,6560,6800,6550,6800,1362800,6800
2008-01-24,6400,6400,6200,6370,1045100,6370
2008-01-23,6250,6370,5950,6080,1183800,6080
2008-01-22,5770,6100,5730,5830,1314100,5830
2008-01-21,6240,6260,6020,6050,1273100,6050
2008-01-18,5930,6370,5800,6340,2008400,6340
2008-01-17,5890,6130,5880,6130,2028200,6130
2008-01-16,5720,6050,5580,5790,2065900,5790
2008-01-15,6370,6430,6110,6120,1961600,6120
2008-01-11,6670,6720,6360,6390,1327300,6390
2008-01-10,6810,6940,6620,6640,1018700,6640
2008-01-09,6650,6930,6560,6900,1694600,6900
2008-01-08,6750,6820,6570,6820,1120900,6820
2008-01-07,7000,7040,6700,6800,2227600,6800
2008-01-04,7440,7490,7080,7140,1252400,7140
2007-12-28,7670,7770,7650,7750,666400,7750
2007-12-27,7760,7790,7620,7660,609200,7660
2007-12-26,7690,7820,7650,7760,943900,7760
2007-12-25,7600,7670,7500,7670,1415600,7670
2007-12-21,7030,7300,6910,7290,1732100,7290
2007-12-20,7260,7280,6860,6970,3583000,6970
2007-12-19,7600,7630,7330,7330,1979500,7330
2007-12-18,7850,7880,7640,7700,1381600,7700
2007-12-17,7930,8220,7900,7980,1148400,7980
2007-12-14,8010,8090,7860,7920,1908300,7920
2007-12-13,8500,8500,8050,8110,1368800,8110
2007-12-12,8360,8530,8260,8480,574400,8480
2007-12-11,8800,8820,8520,8560,780300,8560
2007-12-10,8970,8980,8700,8750,572600,8750
2007-12-07,8930,8980,8860,8890,1044200,8890
2007-12-06,8720,8820,8610,8800,905500,8800
2007-12-05,8380,8480,8310,8480,545700,8480
2007-12-04,8640,8650,8410,8430,588800,8430
2007-12-03,8760,8880,8540,8580,519000,8580
2007-11-30,8660,8770,8580,8730,779900,8730
2007-11-29,8410,8650,8320,8650,1096300,8650
2007-11-28,8170,8220,8060,8110,761500,8110
2007-11-27,8010,8210,7730,7910,1690200,7910
2007-11-26,8330,8370,8140,8210,682000,8210
2007-11-22,8200,8300,8010,8280,1236700,8280
2007-11-21,8760,8820,8350,8400,964900,8400
2007-11-20,8330,8910,8130,8910,1058600,8910
2007-11-19,8700,9040,8530,8560,806700,8560
2007-11-16,8720,8750,8650,8720,997200,8720
2007-11-15,9090,9170,9000,9000,794800,9000
2007-11-14,9000,9040,8930,9020,601800,9020
2007-11-13,8780,8830,8560,8760,579000,8760
2007-11-12,8810,8840,8610,8730,949700,8730
2007-11-09,8750,9040,8670,8760,1290700,8760
2007-11-08,8850,8860,8550,8750,1370300,8750
2007-11-07,9410,9420,8940,8980,1469900,8980
2007-11-06,9440,9560,9400,9410,437500,9410
2007-11-05,9730,9770,9420,9450,642000,9450
2007-11-02,9410,9810,9350,9730,1493200,9730
2007-11-01,9900,10000,9390,9430,1431500,9430
2007-10-31,9640,9730,9520,9730,746900,9730
2007-10-30,9790,9810,9590,9610,1410200,9610
2007-10-29,9470,9670,9460,9550,881100,9550
2007-10-26,9450,9470,9230,9370,698900,9370
2007-10-25,9490,9490,9350,9440,425500,9440
2007-10-24,9430,9550,9360,9410,573200,9410
2007-10-23,9390,9490,9340,9400,402500,9400
2007-10-22,9330,9470,9260,9340,909900,9340
2007-10-19,9920,9930,9720,9760,1466300,9760
2007-10-18,9540,9910,9540,9900,2835300,9900
2007-10-17,9260,9390,9200,9350,1625800,9350
2007-10-16,9110,9230,9050,9060,942300,9060
2007-10-15,9310,9320,9210,9280,724000,9280
2007-10-12,9210,9310,9160,9210,705000,9210
2007-10-11,9150,9320,9110,9300,972000,9300
2007-10-10,9070,9180,9010,9140,1370800,9140
2007-10-09,9000,9060,9000,9050,2723300,9050
2007-10-05,8710,8760,8490,8520,2264100,8520
2007-10-04,8800,8830,8510,8760,3921900,8760
2007-10-03,9380,9410,8990,9070,1817600,9070
2007-10-02,9410,9580,9220,9380,1246700,9380
2007-10-01,9580,9620,9300,9360,834400,9360
2007-09-28,9670,9740,9550,9670,520800,9670
2007-09-27,9560,9650,9440,9560,1180700,9560
2007-09-26,9770,9780,9560,9650,615700,9650
2007-09-25,9590,9750,9520,9740,547500,9740
2007-09-21,9780,9790,9670,9710,353300,9710
2007-09-20,9790,9850,9640,9780,690200,9780
2007-09-19,9800,9830,9630,9780,673200,9780
2007-09-18,9510,9660,9470,9510,940400,9510
2007-09-14,9270,9630,9230,9590,1153800,9590
2007-09-13,9240,9310,9070,9100,532200,9100
2007-09-12,9320,9410,9160,9220,621200,9220
2007-09-11,9260,9340,9090,9220,545000,9220
2007-09-10,9100,9290,8960,9250,986400,9250
2007-09-07,9410,9630,9310,9400,726600,9400
2007-09-06,9350,9540,9300,9540,631900,9540
2007-09-05,9750,9770,9370,9430,654000,9430
2007-09-04,9690,9700,9530,9570,477100,9570
2007-09-03,9790,9830,9630,9700,918600,9700
2007-08-31,9570,9850,9550,9850,1551500,9850
2007-08-30,9270,9480,9230,9460,1917300,9460
2007-08-29,8800,8970,8780,8970,647900,8970
2007-08-28,9030,9200,8950,9190,577800,9190
2007-08-27,9200,9200,9010,9040,391900,9040
2007-08-24,9030,9100,8920,9010,828600,9010
2007-08-23,9050,9130,8880,8990,1156200,8990
2007-08-22,8720,8860,8690,8800,799300,8800
2007-08-21,8560,8870,8500,8680,1084600,8680
2007-08-20,8340,8540,8300,8410,1599100,8410
2007-08-17,8340,8380,7530,7640,2027300,7640
2007-08-16,8800,8820,8290,8520,1310900,8520
2007-08-15,8810,9270,8700,8730,2234900,8730
2007-08-14,9080,9250,8970,9010,906000,9010
2007-08-13,9270,9270,8930,9030,1885300,9030
2007-08-10,9940,9940,9530,9670,1605600,9670
2007-08-09,9890,10570,9850,10080,3063300,10080
2007-08-08,9690,10000,9630,9890,2010100,9890
2007-08-07,9700,9800,9410,9500,1555800,9500
2007-08-06,8840,9960,8830,9900,3069400,9900
2007-08-03,9380,9380,8920,9120,2373900,9120
2007-08-02,9380,9490,9160,9440,1763600,9440
2007-08-01,9380,9770,9210,9580,3236000,9580
2007-07-31,8820,8980,8740,8780,1422900,8780
2007-07-30,8190,8800,8080,8660,2273500,8660
2007-07-27,8000,8110,7970,7990,1071700,7990
2007-07-26,8340,8360,8140,8140,471900,8140
2007-07-25,8280,8380,8220,8360,638800,8360
2007-07-24,8430,8440,8250,8280,758600,8280
2007-07-23,8360,8420,8290,8400,1343600,8400
2007-07-20,8160,8260,8160,8210,963700,8210
2007-07-19,8170,8200,8080,8120,594900,8120
2007-07-18,8210,8260,8120,8150,987200,8150
2007-07-17,8320,8380,8270,8290,1041000,8290
2007-07-13,8190,8490,8170,8400,2224300,8400
2007-07-12,7970,7970,7850,7890,464400,7890
2007-07-11,7830,7950,7820,7900,654100,7900
2007-07-10,7980,7990,7850,7930,632700,7930
2007-07-09,7980,8050,7920,7970,959900,7970
2007-07-06,7980,8010,7930,7950,944500,7950
2007-07-05,8100,8200,8050,8100,651600,8100
2007-07-04,8050,8180,8030,8110,852800,8110
2007-07-03,8060,8100,7980,8020,653000,8020
2007-07-02,7950,8080,7900,8020,855900,8020
2007-06-29,7770,8180,7730,7960,2072000,7960
2007-06-28,7520,7540,7470,7510,777000,7510
2007-06-27,7600,7620,7350,7420,1944500,7420
2007-06-26,7740,7760,7610,7690,915300,7690
2007-06-25,7600,7760,7590,7690,870400,7690
2007-06-22,7710,7740,7600,7670,843100,7670
2007-06-21,7700,7840,7660,7780,1184900,7780
2007-06-20,7600,7790,7570,7720,934300,7720
2007-06-19,7630,7650,7560,7580,985700,7580
2007-06-18,7580,7680,7530,7660,1400400,7660
2007-06-15,7500,7580,7370,7490,2201900,7490
2007-06-14,7080,7240,7060,7200,2121100,7200
2007-06-13,6930,7020,6860,6980,1867000,6980
2007-06-12,6880,7000,6840,7000,1498700,7000
2007-06-11,6810,6870,6780,6780,475300,6780
2007-06-08,6750,6820,6740,6760,1131600,6760
2007-06-07,6690,6800,6680,6750,565100,6750
2007-06-06,6750,6760,6680,6710,574300,6710
2007-06-05,6850,6860,6780,6800,1049700,6800
2007-06-04,6890,6890,6760,6840,1129100,6840
2007-06-01,6600,6710,6600,6680,1039100,6680
2007-05-31,6600,6630,6550,6570,1237700,6570
2007-05-30,6420,6480,6350,6410,1109500,6410
2007-05-29,6290,6410,6270,6380,894400,6380
2007-05-28,6210,6320,6200,6280,702000,6280
2007-05-25,6220,6230,6140,6200,1407600,6200
2007-05-24,6430,6430,6310,6320,723100,6320
2007-05-23,6600,6600,6370,6410,1310400,6410
2007-05-22,6530,6650,6520,6630,1110100,6630
2007-05-21,6390,6540,6350,6510,1451900,6510
2007-05-18,6330,6350,6240,6290,666400,6290
2007-05-17,6250,6330,6240,6300,1226800,6300
2007-05-16,6190,6210,6120,6180,1164400,6180
2007-05-15,6310,6350,6130,6180,1631900,6180
2007-05-14,6550,6650,6330,6390,2276400,6390
2007-05-11,6740,6750,6470,6520,1775200,6520
2007-05-10,6760,6810,6720,6780,848300,6780
2007-05-09,6690,6760,6690,6730,746000,6730
2007-05-08,6750,6770,6660,6670,540200,6670
2007-05-07,6730,6760,6700,6730,746500,6730
2007-05-02,6530,6720,6530,6670,1300500,6670
2007-05-01,6550,6590,6420,6560,2801600,6560
2007-04-27,6800,6940,6800,6850,688400,6850
2007-04-26,6790,6900,6790,6860,952200,6860
2007-04-25,6880,6880,6710,6800,1766700,6800
2007-04-24,7100,7110,6940,7000,2262600,7000
2007-04-23,7130,7230,7060,7210,4127200,7210
2007-04-20,6680,6960,6680,6930,4281900,6930
2007-04-19,6510,6690,6510,6650,2915900,6650
2007-04-18,6300,6470,6290,6460,995900,6460
2007-04-17,6400,6420,6280,6330,797600,6330
2007-04-16,6190,6330,6180,6280,548100,6280
2007-04-13,6300,6320,6140,6170,687800,6170
2007-04-12,6400,6400,6260,6290,850000,6290
2007-04-11,6420,6500,6400,6490,934200,6490
2007-04-10,6350,6400,6270,6400,563900,6400
2007-04-09,6320,6400,6300,6400,755400,6400
2007-04-06,6290,6320,6220,6240,569600,6240
2007-04-05,6300,6330,6230,6270,778400,6270
2007-04-04,6150,6280,6120,6260,1055300,6260
2007-04-03,6020,6110,6020,6110,366300,6110
2007-04-02,6110,6150,5980,5990,493300,5990
2007-03-30,6050,6140,6040,6110,604200,6110
2007-03-29,6000,6100,5950,6040,585500,6040
2007-03-28,6030,6060,6000,6010,522800,6010
2007-03-27,6010,6090,5970,6000,427100,6000
2007-03-26,6050,6090,6020,6070,457500,6070
2007-03-23,6150,6150,6050,6110,442500,6110
2007-03-22,6100,6150,6090,6110,839100,6110
2007-03-20,6090,6090,6030,6050,387300,6050
2007-03-19,5990,6100,5970,6080,557900,6080
2007-03-16,5980,6030,5900,5970,621100,5970
2007-03-15,5990,6010,5930,5970,993800,5970
2007-03-14,5900,5980,5830,5940,1220600,5940
2007-03-13,6000,6080,5930,5960,1605600,5960
2007-03-12,5840,5900,5800,5820,528700,5820
2007-03-09,5800,5830,5780,5800,979700,5800
2007-03-08,5620,5750,5610,5750,704300,5750
2007-03-07,5770,5780,5550,5590,851800,5590
2007-03-06,5510,5700,5510,5670,873100,5670
2007-03-05,5690,5700,5530,5540,760200,5540
2007-03-02,5880,5880,5770,5790,486300,5790
2007-03-01,5950,5960,5820,5870,678200,5870
2007-02-28,5790,5940,5760,5930,1060200,5930
2007-02-27,6090,6120,6050,6090,546000,6090
2007-02-26,6140,6150,6110,6130,675700,6130
2007-02-23,6100,6170,6090,6140,719400,6140
2007-02-22,6040,6110,6020,6100,408600,6100
2007-02-21,6010,6040,5980,6000,429400,6000
2007-02-20,6070,6070,5990,6010,546600,6010
2007-02-19,6010,6090,6000,6060,600700,6060
2007-02-16,6100,6100,5980,6000,747500,6000
2007-02-15,6080,6130,6010,6120,1345700,6120
2007-02-14,5960,6010,5920,5950,1259800,5950
2007-02-13,5910,5920,5810,5880,1317000,5880
2007-02-09,5900,6030,5890,6010,1028900,6010
2007-02-08,6000,6020,5810,5870,2339000,5870
2007-02-07,6010,6100,5900,5970,2755900,5970
2007-02-06,6310,6390,6230,6270,1297700,6270
2007-02-05,6500,6520,6380,6400,1379300,6400
2007-02-02,6400,6630,6340,6530,4757700,6530
2007-02-01,6080,6240,6050,6180,2017300,6180
2007-01-31,6050,6050,5920,5990,382600,5990
2007-01-30,5990,6070,5980,6010,476700,6010
2007-01-29,6000,6020,5950,5980,432000,5980
2007-01-26,6010,6040,5940,5980,545000,5980
2007-01-25,6020,6120,5970,6090,1573400,6090
2007-01-24,5960,5990,5840,5870,1105500,5870
2007-01-23,5950,6000,5930,5960,681200,5960
2007-01-22,6110,6110,5970,5990,927000,5990
2007-01-19,6080,6090,6000,6020,671600,6020
2007-01-18,6190,6190,6100,6130,403500,6130
2007-01-17,6110,6200,6030,6200,811600,6200
2007-01-16,5950,6200,5950,6160,2015100,6160
2007-01-15,5940,6020,5930,5950,601700,5950
2007-01-12,5800,5970,5760,5940,915100,5940
2007-01-11,5760,5800,5720,5750,441200,5750
2007-01-10,5810,5850,5670,5700,678500,5700
2007-01-09,5860,5870,5800,5810,566600,5810
2007-01-05,6030,6060,5820,5850,736800,5850
2007-01-04,6040,6080,6010,6060,347200,6060
2006-12-29,5970,6020,5950,6000,223700,6000
2006-12-28,5980,5980,5920,5950,391000,5950
2006-12-27,5950,5970,5930,5950,192900,5950
2006-12-26,5870,5930,5860,5930,179100,5930
2006-12-25,5980,5980,5890,5890,187800,5890
2006-12-22,5940,5980,5920,5950,411600,5950
2006-12-21,5900,5970,5880,5910,673600,5910
2006-12-20,5890,5970,5880,5890,492000,5890
2006-12-19,5920,5950,5890,5890,468000,5890
2006-12-18,6030,6040,5950,6000,532400,6000
2006-12-15,6050,6080,5990,6020,621700,6020
2006-12-14,5870,6030,5860,6030,951100,6030
2006-12-13,5810,5860,5780,5840,452200,5840
2006-12-12,5800,5830,5750,5790,402600,5790
2006-12-11,5840,5840,5740,5810,540500,5810
2006-12-08,5880,5900,5760,5790,482600,5790
2006-12-07,5860,5890,5800,5870,525300,5870
2006-12-06,5830,5860,5760,5840,264600,5840
2006-12-05,5870,5920,5790,5810,541600,5810
2006-12-04,5810,5830,5720,5790,535100,5790
2006-12-01,5810,5820,5770,5790,451100,5790
2006-11-30,5770,5810,5710,5800,806900,5800
2006-11-29,5740,5780,5690,5710,589700,5710
2006-11-28,5560,5660,5510,5640,538300,5640
2006-11-27,5560,5690,5530,5670,574300,5670
2006-11-24,5630,5680,5550,5650,572300,5650
2006-11-22,5500,5660,5480,5650,493400,5650
2006-11-21,5560,5620,5470,5520,829700,5520
2006-11-20,5690,5700,5470,5510,1153800,5510
2006-11-17,5820,5880,5750,5780,622800,5780
2006-11-16,5970,6000,5880,5890,249400,5890
2006-11-15,5990,6040,5950,5960,522000,5960
2006-11-14,6020,6040,5930,5940,690400,5940
2006-11-13,5850,6000,5840,5930,1199100,5930
2006-11-10,5790,5900,5750,5840,739200,5840
2006-11-09,5910,6010,5780,5790,1695400,5790
2006-11-08,5990,5990,5880,5890,1148200,5890
2006-11-07,5970,5970,5870,5890,530900,5890
2006-11-06,5870,5880,5740,5860,1270600,5860
2006-11-02,5920,5980,5870,5900,1376900,5900
2006-11-01,6090,6100,5970,6020,1230400,6020
2006-10-31,6060,6160,6030,6130,1258100,6130
2006-10-30,6100,6110,5970,5990,2797000,5990
2006-10-27,6490,6520,6140,6190,4240000,6190
2006-10-26,6580,6610,6570,6590,715500,6590
2006-10-25,6600,6620,6520,6570,794300,6570
2006-10-24,6550,6610,6550,6590,1015600,6590
2006-10-23,6400,6520,6390,6490,896200,6490
2006-10-20,6340,6420,6330,6400,562100,6400
2006-10-19,6410,6410,6310,6330,479200,6330
2006-10-18,6310,6390,6240,6380,772600,6380
2006-10-17,6340,6420,6290,6360,983300,6360
2006-10-16,6210,6340,6190,6330,866500,6330
2006-10-13,6160,6190,6150,6150,819000,6150
2006-10-12,6150,6180,6070,6090,487500,6090
2006-10-11,6150,6190,6080,6140,1073000,6140
2006-10-10,6070,6210,6040,6080,688000,6080
2006-10-06,6210,6210,6100,6120,585700,6120
2006-10-05,6120,6240,6110,6240,905900,6240
2006-10-04,6220,6240,5990,6040,1011400,6040
2006-10-03,6280,6280,6110,6170,1603900,6170
2006-10-02,6370,6410,6280,6300,1900800,6300
2006-09-29,6210,6240,6170,6240,978900,6240
2006-09-28,6130,6170,6120,6160,556500,6160
2006-09-27,5970,6100,5960,6080,820500,6080
2006-09-26,5870,5990,5870,5940,466800,5940
2006-09-25,5910,5930,5790,5860,516200,5860
2006-09-22,5940,6000,5920,5950,680600,5950
2006-09-21,5940,6040,5930,6020,800600,6020
2006-09-20,5930,5930,5780,5840,853200,5840
2006-09-19,5940,6000,5920,5960,427200,5960
2006-09-15,5940,5970,5840,5900,871000,5900
2006-09-14,5970,6060,5970,6040,539200,6040
2006-09-13,6050,6080,5990,5990,765200,5990
2006-09-12,5970,6050,5900,5930,618700,5930
2006-09-11,6080,6130,5990,5990,377100,5990
2006-09-08,5960,6120,5960,6060,673000,6060
2006-09-07,6160,6210,6040,6060,1067900,6060
2006-09-06,6240,6350,6220,6300,1346600,6300
2006-09-05,6130,6210,6110,6190,967200,6190
2006-09-04,6100,6140,6080,6120,460300,6120
2006-09-01,6060,6100,5980,6070,603400,6070
2006-08-31,6050,6170,5960,6010,1993200,6010
2006-08-30,5980,6020,5920,5990,416800,5990
2006-08-29,5980,5990,5900,5940,390100,5940
2006-08-28,6040,6050,5860,5930,635400,5930
2006-08-25,6090,6160,6020,6060,855700,6060
2006-08-24,5970,6110,5970,6070,1093500,6070
2006-08-23,5970,6030,5930,5980,702600,5980
2006-08-22,5950,5970,5880,5970,680500,5970
2006-08-21,6010,6010,5950,5970,542700,5970
2006-08-18,5970,6010,5950,5990,1173300,5990
2006-08-17,5910,5960,5910,5940,826800,5940
2006-08-16,5820,5900,5810,5880,766300,5880
2006-08-15,5790,5820,5730,5770,423400,5770
2006-08-14,5710,5790,5710,5760,227400,5760
2006-08-11,5760,5790,5730,5750,343100,5750
2006-08-10,5700,5830,5690,5800,957100,5800
2006-08-09,5600,5660,5530,5640,530600,5640
2006-08-08,5630,5680,5600,5650,581900,5650
2006-08-07,5700,5770,5590,5590,710200,5590
2006-08-04,5800,5900,5780,5800,1189400,5800
2006-08-03,5850,5900,5770,5830,1389300,5830
2006-08-02,5630,5800,5570,5750,2708400,5750
2006-08-01,5550,5650,5540,5650,961700,5650
2006-07-31,5590,5640,5500,5540,1068800,5540
2006-07-28,5340,5500,5320,5450,1316600,5450
2006-07-27,5180,5310,5120,5300,763700,5300
2006-07-26,5240,5250,5150,5160,607600,5160
2006-07-25,5210,5250,5200,5200,811800,5200
2006-07-24,4890,5030,4870,5010,962800,5010
2006-07-21,5050,5090,4890,4910,1157700,4910
2006-07-20,5040,5170,5020,5110,677900,5110
2006-07-19,4920,5020,4890,4890,403000,4890
2006-07-18,5000,5020,4890,4900,662300,4900
2006-07-14,5110,5160,4990,5050,832100,5050
2006-07-13,5140,5330,5080,5210,827900,5210
2006-07-12,5350,5400,5220,5260,579900,5260
2006-07-11,5500,5520,5330,5380,715500,5380
2006-07-10,5350,5500,5290,5490,775000,5490
2006-07-07,5520,5620,5450,5500,1194500,5500
2006-07-06,5450,5480,5410,5450,427800,5450
2006-07-05,5460,5520,5370,5490,613300,5490
2006-07-04,5490,5490,5390,5440,429300,5440
2006-07-03,5500,5520,5400,5440,617600,5440
2006-06-30,5420,5500,5420,5500,688300,5500
2006-06-29,5300,5380,5300,5340,505400,5340
2006-06-28,5170,5370,5150,5320,750100,5320
2006-06-27,5260,5300,5200,5270,625800,5270
2006-06-26,5280,5290,5200,5260,642400,5260
2006-06-23,5180,5370,5130,5320,875500,5320
2006-06-22,5130,5270,5110,5170,1234900,5170
2006-06-21,5100,5120,4930,5010,685400,5010
2006-06-20,5100,5220,5050,5100,868500,5100
2006-06-19,5210,5240,5080,5170,561800,5170
2006-06-16,5420,5430,5220,5280,1231900,5280
2006-06-15,5200,5210,5060,5100,1483100,5100
2006-06-14,4820,4920,4770,4900,1084200,4900
2006-06-13,4950,4960,4770,4770,618400,4770
2006-06-12,4870,5050,4810,5010,1219600,5010
2006-06-09,4960,5070,4750,4900,1664100,4900
2006-06-08,4900,4970,4850,4950,1465900,4950
2006-06-07,5270,5320,5020,5080,1524700,5080
2006-06-06,5430,5440,5340,5370,966200,5370
2006-06-05,5480,5520,5430,5470,566700,5470
2006-06-02,5470,5570,5370,5520,1208000,5520
2006-06-01,5640,5690,5390,5410,1165100,5410
2006-05-31,5690,5700,5590,5600,781900,5600
2006-05-30,5720,5800,5670,5770,1629000,5770
2006-05-29,5740,5760,5600,5600,465900,5600
2006-05-26,5540,5730,5530,5710,927300,5710
2006-05-25,5440,5560,5440,5490,616800,5490
2006-05-24,5470,5540,5390,5510,1134900,5510
2006-05-23,5440,5500,5380,5400,1346900,5400
2006-05-22,5760,5790,5510,5540,810800,5540
2006-05-19,5690,5790,5620,5750,1015500,5750
2006-05-18,5500,5750,5490,5680,1513400,5680
2006-05-17,5670,5710,5540,5640,1030900,5640
2006-05-16,5660,5860,5510,5520,1622600,5520
2006-05-15,5530,5720,5520,5640,1152400,5640
2006-05-12,5630,5680,5550,5630,1509800,5630
2006-05-11,5600,5810,5580,5720,4849300,5720
2006-05-10,5340,5380,5260,5270,874300,5270
2006-05-09,5330,5400,5300,5300,651200,5300
2006-05-08,5470,5470,5260,5310,936900,5310
2006-05-02,5290,5390,5280,5370,748500,5370
2006-05-01,5480,5490,5430,5460,610800,5460
2006-04-28,5400,5440,5280,5410,973300,5410
2006-04-27,5360,5540,5330,5460,1137100,5460
2006-04-26,5310,5370,5230,5280,981500,5280
2006-04-25,5290,5330,5240,5300,1029300,5300
2006-04-24,5410,5460,5280,5320,1551500,5320
2006-04-21,5570,5680,5530,5570,1204300,5570
2006-04-20,5750,5790,5490,5530,2356000,5530
2006-04-19,5860,5910,5720,5730,1385700,5730
2006-04-18,5730,5790,5690,5730,1044600,5730
2006-04-17,5900,5940,5790,5820,541400,5820
2006-04-14,6020,6020,5930,5940,375600,5940
2006-04-13,5990,6040,5910,5980,1172800,5980
2006-04-12,5880,6000,5840,5960,1184500,5960
2006-04-11,6030,6040,5750,5960,1576300,5960
2006-04-10,5920,6000,5900,5990,2019500,5990
2006-04-07,5610,5880,5510,5860,2138300,5860
2006-04-06,5700,5770,5670,5710,1527200,5710
2006-04-05,5850,5910,5730,5790,1241700,5790
2006-04-04,5930,5930,5830,5840,946400,5840
2006-04-03,5900,5970,5890,5920,978400,5920
2006-03-31,5890,5990,5780,5950,1696300,5950
2006-03-30,5680,5900,5640,5880,3192700,5880
2006-03-29,5430,5540,5350,5500,841300,5500
2006-03-28,5340,5450,5270,5410,1875000,5410
2006-03-27,5300,5390,5290,5330,2208500,5330
2006-03-24,5090,5200,5080,5170,876900,5170
2006-03-23,5090,5130,5030,5060,746100,5060
2006-03-22,5060,5100,5000,5070,739500,5070
2006-03-20,5110,5180,5060,5090,873400,5090
2006-03-17,5190,5190,5030,5130,1079000,5130
2006-03-16,5320,5330,5080,5120,1386800,5120
2006-03-15,5170,5360,5130,5310,1682200,5310
2006-03-14,5150,5170,5080,5150,868500,5150
2006-03-13,5140,5140,5060,5110,814500,5110
2006-03-10,5080,5150,5000,5000,1288300,5000
2006-03-09,4860,5090,4850,5070,1584900,5070
2006-03-08,5000,5050,4760,4810,1968400,4810
2006-03-07,5020,5060,4990,5030,2910400,5030
2006-03-06,4800,5000,4620,4880,2799000,4880
2006-03-03,4900,4950,4690,4770,3187800,4770
2006-03-02,5250,5300,4920,4940,2895900,4940
2006-03-01,5300,5360,5220,5250,1718200,5250
2006-02-28,5480,5530,5360,5520,1209700,5520
2006-02-27,5570,5680,5550,5580,1069400,5580
2006-02-24,5560,5570,5460,5560,651300,5560
2006-02-23,5590,5650,5520,5590,766000,5590
2006-02-22,5510,5540,5420,5450,762000,5450
2006-02-21,5300,5470,5300,5450,1408600,5450
2006-02-20,5250,5390,5160,5170,1128400,5170
2006-02-17,5700,5700,5350,5550,1599000,5550
2006-02-16,5670,5780,5640,5700,1989000,5700
2006-02-15,5720,5740,5600,5630,1718000,5630
2006-02-14,5120,5600,5120,5520,2950000,5520
2006-02-13,5290,5290,5040,5220,3078900,5220
2006-02-10,5690,5700,5250,5490,2910100,5490
2006-02-09,5830,5830,5540,5690,1662600,5690
2006-02-08,5880,5890,5670,5710,2218000,5710
2006-02-07,5970,5980,5750,5880,3501000,5880
2006-02-06,6000,6140,5950,5980,5104500,5980
2006-02-03,6500,6640,6450,6590,663000,6590
2006-02-02,6590,6610,6500,6530,666400,6530
2006-02-01,6620,6620,6430,6470,814000,6470
2006-01-31,6510,6600,6450,6580,1225500,6580
2006-01-30,6340,6460,6290,6410,791200,6410
2006-01-27,6350,6370,6170,6220,1165400,6220
2006-01-26,6160,6260,6100,6190,1260300,6190
2006-01-25,6200,6230,6150,6150,560200,6150
2006-01-24,6100,6190,6060,6060,696100,6060
2006-01-23,5940,6150,5910,6000,701900,6000
2006-01-20,6440,6520,6200,6340,956700,6340
2006-01-19,5860,6270,5850,6240,1839100,6240
2006-01-18,6010,6080,5410,5960,3185700,5960
2006-01-17,6350,6480,6010,6140,1174400,6140
2006-01-16,6610,6620,6510,6540,770300,6540
2006-01-13,6670,6720,6640,6690,833400,6690
2006-01-12,6700,6750,6610,6650,675900,6650
2006-01-11,6660,6700,6480,6640,1030500,6640
2006-01-10,6750,6840,6480,6540,1652800,6540
2006-01-06,6640,6700,6570,6690,1206500,6690
2006-01-05,6480,6700,6450,6680,2384000,6680
2006-01-04,6420,6420,6360,6390,333100,6390
2005-12-30,6330,6350,6210,6320,328300,6320
2005-12-29,6320,6360,6240,6350,683400,6350
2005-12-28,6200,6310,6190,6270,369800,6270
2005-12-27,6220,6280,6150,6200,534200,6200
2005-12-26,6460,6480,6260,6280,669200,6280
2005-12-22,6450,6480,6220,6450,912800,6450
2005-12-21,6270,6430,6260,6400,1250600,6400
2005-12-20,6180,6220,6120,6160,934400,6160
2005-12-19,6120,6220,6040,6190,1177400,6190
2005-12-16,6200,6280,6060,6130,1258000,6130
2005-12-15,6480,6480,6300,6330,971700,6330
2005-12-14,6500,6640,6430,6550,1997900,6550
2005-12-13,6330,6420,6330,6390,819700,6390
2005-12-12,6370,6420,6320,6320,1002400,6320
2005-12-09,6130,6340,6120,6280,1194900,6280
2005-12-08,6140,6170,5990,6140,1399700,6140
2005-12-07,6310,6390,6180,6190,881400,6190
2005-12-06,6540,6580,6260,6300,1709700,6300
2005-12-05,6440,6490,6410,6490,727400,6490
2005-12-02,6470,6500,6400,6430,1043100,6430
2005-12-01,6410,6420,6380,6410,1927500,6410
2005-11-30,6040,6530,6020,6440,2572600,6440
2005-11-29,5950,5970,5920,5960,876300,5960
2005-11-28,5880,6020,5880,5980,1059500,5980
2005-11-25,5970,6000,5860,5970,555800,5970
2005-11-24,5900,6080,5900,6020,1313300,6020
2005-11-22,5860,5890,5810,5840,1831100,5840
2005-11-21,6020,6180,5950,6000,1199900,6000
2005-11-18,6160,6160,5940,5980,1454700,5980
2005-11-17,5940,6190,5910,6060,2507400,6060
2005-11-16,5400,5650,5350,5640,1062600,5640
2005-11-15,5500,5520,5330,5430,682000,5430
2005-11-14,5490,5570,5420,5480,2366700,5480
2005-11-11,5290,5300,5130,5290,2119400,5290
2005-11-10,5270,5280,4920,5000,1405200,5000
2005-11-09,5180,5310,5090,5300,1300500,5300
2005-11-08,5170,5210,5140,5170,1047200,5170
2005-11-07,5050,5180,5040,5100,1351400,5100
2005-11-04,4870,5080,4840,5050,2415600,5050
2005-11-02,4780,4840,4750,4790,668300,4790
2005-11-01,4780,4800,4720,4790,588900,4790
2005-10-31,4700,4720,4640,4680,587000,4680
2005-10-28,4660,4690,4630,4670,680600,4670
2005-10-27,4600,4700,4590,4690,979900,4690
2005-10-26,4590,4600,4540,4560,539100,4560
2005-10-25,4530,4640,4500,4570,899400,4570
2005-10-24,4480,4490,4410,4430,414200,4430
2005-10-21,4360,4470,4360,4470,812500,4470
2005-10-20,4510,4570,4460,4480,666400,4480
2005-10-19,4640,4640,4430,4470,1088700,4470
2005-10-18,4740,4740,4600,4640,779200,4640
2005-10-17,4710,4770,4690,4700,1508600,4700
2005-10-14,4520,4650,4520,4610,1588300,4610
2005-10-13,4450,4490,4420,4470,957700,4470
2005-10-12,4530,4650,4490,4550,904200,4550
2005-10-11,4490,4550,4400,4510,746000,4510
2005-10-07,4410,4580,4410,4520,927900,4520
2005-10-06,4510,4600,4460,4460,1078800,4460
2005-10-05,4700,4740,4610,4660,935300,4660
2005-10-04,4800,4800,4700,4770,999900,4770
2005-10-03,4640,4820,4560,4780,971100,4780
2005-09-30,4800,4820,4700,4730,636900,4730
2005-09-29,4880,4960,4770,4790,1024900,4790
2005-09-28,4780,4880,4760,4800,1235200,4800
2005-09-27,4700,4740,4620,4630,1361300,4630
2005-09-26,4560,4810,4550,4730,1356300,4730
2005-09-22,4340,4510,4290,4480,924500,4480
2005-09-21,4600,4610,4390,4390,1751700,4390
2005-09-20,4300,4540,4300,4540,2519500,4540
2005-09-16,4200,4280,4160,4280,1400100,4280
2005-09-15,4120,4230,4100,4190,1323800,4190
2005-09-14,3970,4120,3950,4090,2321300,4090
2005-09-13,3980,4000,3940,3980,668400,3980
2005-09-12,4000,4010,3910,3940,839900,3940
2005-09-09,3960,3990,3890,3970,1302800,3970
2005-09-08,3900,3970,3880,3960,1880400,3960
2005-09-07,3920,3930,3830,3870,790400,3870
2005-09-06,3970,3970,3860,3870,853300,3870
2005-09-05,3890,3980,3820,3970,1624400,3970
2005-09-02,3970,3970,3850,3870,1818300,3870
2005-09-01,3880,4040,3870,3990,3543500,3990
2005-08-31,3750,3790,3720,3780,652000,3780
2005-08-30,3770,3790,3750,3760,400100,3760
2005-08-29,3760,3810,3740,3750,751500,3750
2005-08-26,3770,3830,3750,3810,1047200,3810
2005-08-25,3730,3790,3690,3720,821900,3720
2005-08-24,3790,3810,3700,3740,1160400,3740
2005-08-23,3790,3860,3760,3820,1225600,3820
2005-08-22,3740,3790,3730,3780,908700,3780
2005-08-19,3720,3740,3670,3690,997700,3690
2005-08-18,3740,3800,3720,3790,1112200,3790
2005-08-17,3740,3770,3670,3700,1859700,3700
2005-08-16,3860,3860,3740,3790,1779600,3790
2005-08-15,3910,3930,3840,3850,1186200,3850
2005-08-12,3860,3960,3810,3940,2242500,3940
2005-08-11,3660,3790,3640,3770,1918100,3770
2005-08-10,3670,3730,3580,3610,1434200,3610
2005-08-09,3660,3690,3620,3660,1697300,3660
2005-08-08,3400,3690,3390,3690,2884400,3690
2005-08-05,3350,3420,3350,3410,1150200,3410
2005-08-04,3350,3410,3310,3390,1203900,3390
2005-08-03,3420,3420,3350,3380,1227500,3380
2005-08-02,3480,3500,3360,3400,4428300,3400
2005-08-01,3110,3180,3100,3180,2208900,3180
2005-07-29,3030,3040,3000,3020,365500,3020
2005-07-28,3000,3020,2990,3020,478700,3020
2005-07-27,2980,3010,2970,2985,448400,2985
2005-07-26,3030,3030,3010,3010,223100,3010
2005-07-25,2985,3020,2975,3020,334500,3020
2005-07-22,3000,3010,2965,2990,633900,2990
2005-07-21,3080,3080,3010,3030,636800,3030
2005-07-20,3050,3070,3030,3070,990400,3070
2005-07-19,3010,3040,2995,3040,971300,3040
2005-07-15,3000,3010,2975,3000,802800,3000
2005-07-14,2990,3010,2980,3000,1334900,3000
2005-07-13,2960,2970,2940,2970,899000,2970
2005-07-12,2925,2955,2910,2950,1289500,2950
2005-07-11,2885,2915,2860,2910,692000,2910
2005-07-08,2875,2875,2845,2845,425600,2845
2005-07-07,2840,2885,2810,2870,944000,2870
2005-07-06,2865,2875,2825,2830,1055800,2830
2005-07-05,2905,2905,2860,2875,671900,2875
2005-07-04,2900,2925,2885,2895,488000,2895
2005-07-01,2890,2905,2850,2880,890600,2880
2005-06-30,2945,2970,2890,2910,2023000,2910
2005-06-29,2865,2940,2850,2940,2362100,2940
2005-06-28,2785,2830,2765,2825,837500,2825
2005-06-27,2825,2840,2755,2755,1625700,2755
2005-06-24,2790,2865,2780,2865,2992800,2865
2005-06-23,2720,2805,2710,2790,2534300,2790
2005-06-22,2690,2715,2660,2685,964500,2685
2005-06-21,2665,2690,2660,2685,486400,2685
2005-06-20,2685,2685,2650,2670,535700,2670
2005-06-17,2640,2670,2640,2665,604300,2665
2005-06-16,2630,2680,2620,2635,1172100,2635
2005-06-15,2675,2675,2625,2640,1483900,2640
2005-06-14,2695,2705,2635,2675,1317300,2675
2005-06-13,2745,2765,2710,2715,853200,2715
2005-06-10,2740,2770,2735,2770,772800,2770
2005-06-09,2795,2795,2715,2735,829400,2735
2005-06-08,2760,2785,2755,2785,745500,2785
2005-06-07,2780,2780,2750,2755,645400,2755
2005-06-06,2785,2785,2750,2770,574600,2770
2005-06-03,2775,2785,2760,2785,643800,2785
2005-06-02,2795,2800,2755,2770,971400,2770
2005-06-01,2785,2790,2750,2770,1315000,2770
2005-05-31,2735,2810,2725,2810,3179800,2810
2005-05-30,2690,2740,2685,2710,1228000,2710
2005-05-27,2645,2690,2640,2690,996700,2690
2005-05-26,2600,2620,2570,2600,1412200,2600
2005-05-25,2670,2675,2625,2640,1072500,2640
2005-05-24,2670,2705,2650,2690,1969200,2690
2005-05-23,2685,2685,2630,2665,1032700,2665
2005-05-20,2610,2700,2605,2675,2342200,2675
2005-05-19,2545,2605,2540,2590,2558500,2590
2005-05-18,2505,2520,2480,2495,694700,2495
2005-05-17,2490,2530,2470,2475,1507800,2475
2005-05-16,2470,2495,2445,2470,864400,2470
2005-05-13,2425,2475,2420,2450,1015600,2450
2005-05-12,2455,2520,2420,2430,2071000,2430
2005-05-11,2475,2500,2450,2465,2302900,2465
2005-05-10,2450,2525,2450,2525,4755100,2525
2005-05-09,2325,2340,2305,2310,963400,2310
2005-05-06,2310,2325,2290,2305,806700,2305
2005-05-02,2255,2315,2245,2315,1291700,2315
2005-04-28,2230,2240,2205,2235,471100,2235
2005-04-27,2200,2255,2190,2250,801700,2250
2005-04-26,2215,2215,2195,2205,405000,2205
2005-04-25,2225,2230,2175,2210,344400,2210
2005-04-22,2265,2265,2210,2215,744000,2215
2005-04-21,2150,2245,2125,2225,1734000,2225
2005-04-20,2225,2245,2190,2200,1693300,2200
2005-04-19,2120,2160,2110,2155,1210100,2155
2005-04-18,2080,2095,2050,2090,1073500,2090
2005-04-15,2105,2120,2080,2080,882700,2080
2005-04-14,2140,2155,2115,2135,685000,2135
2005-04-13,2175,2190,2155,2165,703500,2165
2005-04-12,2210,2220,2155,2170,972400,2170
2005-04-11,2210,2250,2205,2225,1827400,2225
2005-04-08,2160,2195,2160,2195,803200,2195
2005-04-07,2130,2155,2125,2155,436400,2155
2005-04-06,2165,2170,2130,2150,907900,2150
2005-04-05,2155,2180,2135,2165,1407600,2165
2005-04-04,2110,2155,2100,2145,1272000,2145
2005-04-01,2075,2115,2060,2110,1630800,2110
2005-03-31,2065,2085,2045,2075,1000200,2075
2005-03-30,2000,2040,1995,2035,1057100,2035
2005-03-29,2050,2055,2010,2015,520900,2015
2005-03-28,2050,2070,2045,2065,692100,2065
2005-03-25,2045,2045,2020,2040,563900,2040
2005-03-24,2000,2045,1997,2035,1156700,2035
2005-03-23,1976,1990,1961,1990,491300,1990
2005-03-22,1990,1995,1976,1977,342600,1977
2005-03-18,1977,1990,1977,1989,710200,1989
2005-03-17,1984,2000,1978,1995,425400,1995
2005-03-16,1994,2010,1986,2010,266500,2010
2005-03-15,2000,2005,1982,1986,350900,1986
2005-03-14,2015,2030,1991,1991,398300,1991
2005-03-11,2040,2050,2005,2020,800200,2020
2005-03-10,2010,2025,1999,2000,313700,2000
2005-03-09,2015,2045,2015,2025,467000,2025
2005-03-08,2025,2030,2020,2030,244400,2030
2005-03-07,2070,2070,2015,2030,781600,2030
2005-03-04,2050,2070,2035,2060,501900,2060
2005-03-03,2060,2060,2040,2045,535900,2045
2005-03-02,2060,2075,2050,2065,454500,2065
2005-03-01,2060,2060,2045,2050,495600,2050
2005-02-28,2035,2065,2025,2065,946100,2065
2005-02-25,2035,2035,2010,2025,918800,2025
2005-02-24,2045,2045,2020,2035,868300,2035
2005-02-23,1998,2045,1991,2030,1845900,2030
2005-02-22,1995,2015,1986,2000,1525200,2000
2005-02-21,1980,1998,1974,1978,1493500,1978
2005-02-18,1937,1964,1937,1960,682600,1960
2005-02-17,1935,1950,1934,1936,346600,1936
2005-02-16,1957,1958,1935,1941,487800,1941
2005-02-15,1960,1974,1950,1958,1542900,1958
2005-02-14,1892,1937,1890,1936,1069200,1936
2005-02-10,1860,1874,1850,1870,324900,1870
2005-02-09,1870,1883,1861,1867,422600,1867
2005-02-08,1893,1895,1868,1868,786000,1868
2005-02-07,1881,1899,1881,1892,668000,1892
2005-02-04,1917,1921,1887,1887,545700,1887
2005-02-03,1916,1933,1910,1925,412300,1925
2005-02-02,1930,1935,1911,1914,668300,1914
2005-02-01,1937,1945,1914,1923,790200,1923
2005-01-31,1916,1952,1913,1950,468900,1950
2005-01-28,1933,1938,1913,1923,295900,1923
2005-01-27,1950,1956,1936,1941,307400,1941
2005-01-26,1965,1971,1930,1931,540800,1931
2005-01-25,1951,1965,1941,1951,407800,1951
2005-01-24,1950,1953,1934,1948,442500,1948
2005-01-21,1974,1974,1950,1952,598600,1952
2005-01-20,1966,1992,1955,1979,1564100,1979
2005-01-19,1983,1990,1965,1965,896900,1965
2005-01-18,1949,1975,1946,1975,791300,1975
2005-01-17,1937,1949,1928,1949,534400,1949
2005-01-14,1935,1935,1917,1930,577500,1930
2005-01-13,1945,1956,1928,1936,413500,1936
2005-01-12,1954,1954,1932,1945,819900,1945
2005-01-11,1936,1962,1920,1959,871300,1959
2005-01-07,1925,1927,1908,1913,624700,1913
2005-01-06,1911,1929,1908,1909,1047300,1909
2005-01-05,1950,1960,1922,1925,911200,1925
2005-01-04,1967,1968,1945,1965,538400,1965
2004-12-30,1975,1987,1974,1987,451600,1987
2004-12-29,1985,1993,1971,1974,914000,1974
2004-12-28,1910,1972,1910,1965,1372500,1965
2004-12-27,1917,1928,1906,1925,590800,1925
2004-12-24,1900,1930,1899,1917,933300,1917
2004-12-22,1888,1901,1887,1895,1008600,1895
2004-12-21,1873,1880,1865,1880,614600,1880
2004-12-20,1871,1890,1855,1878,787800,1878
2004-12-17,1866,1885,1864,1875,1280200,1875
2004-12-16,1823,1863,1819,1861,953900,1861
2004-12-15,1798,1831,1798,1824,538500,1824
2004-12-14,1791,1822,1782,1813,441700,1813
2004-12-13,1779,1790,1777,1790,485300,1790
2004-12-10,1800,1808,1777,1790,777500,1790
2004-12-09,1808,1826,1792,1804,572100,1804
2004-12-08,1775,1805,1771,1801,1327400,1801
2004-12-07,1826,1841,1817,1818,656300,1818
2004-12-06,1847,1847,1812,1829,432800,1829
2004-12-03,1824,1853,1823,1847,1731300,1847
2004-12-02,1783,1817,1775,1802,745200,1802
2004-12-01,1749,1775,1745,1763,684700,1763
2004-11-30,1770,1780,1755,1759,642200,1759
2004-11-29,1790,1790,1775,1782,936800,1782
2004-11-26,1799,1808,1786,1792,723900,1792
2004-11-25,1802,1831,1790,1807,864700,1807
2004-11-24,1835,1850,1804,1805,1737700,1805
2004-11-22,1774,1867,1765,1857,4298800,1857
2004-11-19,1710,1787,1708,1775,2754200,1775
2004-11-18,1690,1709,1687,1690,974600,1690
2004-11-17,1650,1672,1650,1660,963900,1660
2004-11-16,1681,1690,1655,1656,797400,1656
2004-11-15,1656,1672,1654,1668,560500,1668
2004-11-12,1622,1670,1620,1661,701200,1661
2004-11-11,1628,1633,1611,1617,748500,1617
2004-11-10,1639,1647,1612,1627,655700,1627
2004-11-09,1661,1689,1643,1654,544400,1654
2004-11-08,1694,1694,1655,1662,584300,1662
2004-11-05,1689,1708,1654,1669,1150300,1669
2004-11-04,1720,1720,1673,1688,933900,1688
2004-11-02,1655,1702,1646,1694,1000500,1694
2004-11-01,1634,1644,1612,1625,910600,1625
2004-10-29,1690,1690,1630,1633,1232500,1633
2004-10-28,1708,1708,1693,1701,252500,1701
2004-10-27,1710,1720,1689,1692,738600,1692
2004-10-26,1696,1699,1666,1674,431100,1674
2004-10-25,1702,1705,1681,1688,419900,1688
2004-10-22,1705,1730,1705,1720,557300,1720
2004-10-21,1727,1738,1702,1720,539300,1720
2004-10-20,1749,1749,1712,1712,365900,1712
2004-10-19,1750,1769,1749,1759,1138400,1759
2004-10-18,1709,1749,1695,1749,1391900,1749
2004-10-15,1675,1696,1661,1692,552900,1692
2004-10-14,1673,1682,1649,1652,1578700,1652
2004-10-13,1739,1739,1710,1715,1195600,1715
2004-10-12,1705,1730,1704,1729,871800,1729
2004-10-08,1702,1733,1702,1715,451100,1715
2004-10-07,1706,1718,1692,1702,884700,1702
2004-10-06,1721,1732,1711,1720,1390200,1720
2004-10-05,1765,1767,1735,1744,602300,1744
2004-10-04,1743,1785,1740,1785,1453700,1785
2004-10-01,1682,1728,1671,1721,1652900,1721
2004-09-30,1655,1660,1622,1660,921600,1660
2004-09-29,1635,1650,1625,1645,1117200,1645
2004-09-28,1600,1640,1586,1634,1577000,1634
2004-09-27,1572,1599,1572,1599,417600,1599
2004-09-24,1565,1572,1559,1572,202300,1572
2004-09-22,1590,1590,1561,1574,444000,1574
2004-09-21,1576,1585,1563,1567,236100,1567
2004-09-17,1603,1603,1552,1568,382800,1568
2004-09-16,1578,1590,1570,1582,350400,1582
2004-09-15,1610,1610,1590,1593,577200,1593
2004-09-14,1586,1612,1574,1600,922000,1600
2004-09-13,1532,1590,1530,1575,853900,1575
2004-09-10,1504,1533,1504,1517,719700,1517
2004-09-09,1500,1532,1494,1501,833700,1501
2004-09-08,1521,1530,1493,1506,844600,1506
2004-09-07,1554,1555,1519,1525,542700,1525
2004-09-06,1522,1565,1522,1552,480600,1552
2004-09-03,1550,1553,1521,1521,1267000,1521
2004-09-02,1580,1580,1554,1561,719200,1561
2004-09-01,1601,1605,1574,1584,293100,1584
2004-08-31,1609,1620,1591,1616,400600,1616
2004-08-30,1606,1619,1603,1611,584000,1611
2004-08-27,1569,1603,1563,1603,838400,1603
2004-08-26,1578,1578,1560,1563,173300,1563
2004-08-25,1558,1575,1553,1565,353000,1565
2004-08-24,1580,1580,1553,1562,523600,1562
2004-08-23,1589,1589,1574,1583,263200,1583
2004-08-20,1570,1590,1568,1585,668000,1585
2004-08-19,1580,1581,1570,1576,592200,1576
2004-08-18,1541,1590,1540,1580,1036500,1580
2004-08-17,1545,1559,1540,1540,824800,1540
2004-08-16,1540,1556,1520,1540,1776900,1540
2004-08-13,1521,1546,1510,1520,993900,1520
2004-08-12,1519,1536,1510,1520,578100,1520
2004-08-11,1502,1533,1500,1530,853000,1530
2004-08-10,1480,1500,1469,1491,477000,1491
2004-08-09,1467,1481,1460,1474,292500,1474
2004-08-06,1446,1508,1436,1502,1284800,1502
2004-08-05,1425,1448,1415,1440,189000,1440
2004-08-04,1408,1412,1390,1405,205400,1405
2004-08-03,1436,1441,1421,1436,212800,1436
2004-08-02,1436,1459,1432,1450,638000,1450
2004-07-30,1394,1430,1382,1424,425800,1424
2004-07-29,1395,1395,1371,1374,129300,1374
2004-07-28,1394,1406,1385,1397,245800,1397
2004-07-27,1385,1390,1374,1374,209800,1374
2004-07-26,1408,1408,1380,1381,384300,1381
2004-07-23,1422,1422,1413,1414,236900,1414
2004-07-22,1410,1419,1407,1410,371600,1410
2004-07-21,1417,1433,1403,1422,283600,1422
2004-07-20,1415,1415,1385,1397,414600,1397
2004-07-16,1390,1435,1385,1405,601800,1405
2004-07-15,1411,1427,1399,1405,676600,1405
2004-07-14,1468,1480,1408,1427,1585400,1427
2004-07-13,1488,1503,1460,1471,748400,1471
2004-07-12,1500,1509,1490,1503,199500,1503
2004-07-09,1489,1496,1474,1491,487100,1491
2004-07-08,1478,1480,1459,1469,272100,1469
2004-07-07,1454,1467,1454,1458,582800,1458
2004-07-06,1498,1507,1480,1481,326500,1481
2004-07-05,1517,1517,1493,1497,289000,1497
2004-07-02,1530,1540,1514,1518,433600,1518
2004-07-01,1530,1566,1530,1557,508000,1557
2004-06-30,1577,1577,1529,1550,733500,1550
2004-06-29,1575,1586,1558,1576,1099400,1576
2004-06-28,1490,1545,1490,1545,650600,1545
2004-06-25,1482,1486,1456,1476,203200,1476
2004-06-24,1455,1485,1445,1485,420400,1485
2004-06-23,1432,1458,1426,1439,643200,1439
2004-06-22,1427,1433,1414,1415,468500,1415
2004-06-21,1438,1465,1438,1447,306100,1447
2004-06-18,1454,1454,1425,1430,269500,1430
2004-06-17,1449,1455,1430,1455,345000,1455
2004-06-16,1446,1458,1439,1450,434100,1450
2004-06-15,1447,1448,1411,1426,445600,1426
2004-06-14,1470,1470,1450,1455,267900,1455
2004-06-11,1449,1470,1449,1470,558400,1470
2004-06-10,1476,1499,1467,1480,442200,1480
2004-06-09,1472,1515,1472,1496,450500,1496
2004-06-08,1480,1482,1469,1482,283400,1482
2004-06-07,1464,1480,1464,1470,286300,1470
2004-06-04,1457,1467,1437,1444,251000,1444
2004-06-03,1487,1495,1433,1436,292300,1436
2004-06-02,1488,1493,1481,1487,381300,1487
2004-06-01,1461,1488,1461,1487,305100,1487
2004-05-31,1491,1491,1450,1476,266000,1476
2004-05-28,1450,1497,1450,1490,477000,1490
2004-05-27,1440,1452,1436,1441,116900,1441
2004-05-26,1446,1455,1430,1435,272200,1435
2004-05-25,1442,1445,1408,1417,231700,1417
2004-05-24,1424,1443,1424,1431,272300,1431
2004-05-21,1443,1443,1421,1438,223400,1438
2004-05-20,1444,1459,1431,1457,378200,1457
2004-05-19,1444,1445,1410,1424,775200,1424
2004-05-18,1384,1392,1371,1385,503700,1385
2004-05-17,1390,1395,1385,1386,512300,1386
2004-05-14,1391,1415,1391,1403,284600,1403
2004-05-13,1431,1431,1401,1401,380000,1401
2004-05-12,1450,1460,1397,1420,676200,1420
2004-05-11,1401,1415,1387,1395,788000,1395
2004-05-10,1466,1499,1410,1440,714200,1440
2004-05-07,1500,1500,1459,1486,801200,1486
2004-05-06,1576,1576,1534,1551,393000,1551
2004-04-30,1570,1575,1551,1557,270700,1557
2004-04-28,1630,1630,1596,1596,260200,1596
2004-04-27,1620,1631,1597,1623,321200,1623
2004-04-26,1630,1643,1612,1620,777400,1620
2004-04-23,1586,1612,1586,1610,366500,1610
2004-04-22,1604,1620,1595,1595,671600,1595
2004-04-21,1588,1605,1577,1598,528500,1598
2004-04-20,1547,1593,1546,1588,636000,1588
2004-04-19,1579,1584,1537,1540,344800,1540
2004-04-16,1556,1586,1549,1562,326300,1562
2004-04-15,1580,1584,1555,1556,553200,1556
2004-04-14,1582,1582,1560,1572,433400,1572
2004-04-13,1579,1592,1576,1584,408700,1584
2004-04-12,1562,1575,1548,1563,260500,1563
2004-04-09,1558,1583,1524,1539,717800,1539
2004-04-08,1577,1590,1556,1585,547600,1585
2004-04-07,1608,1608,1579,1597,546900,1597
2004-04-06,1600,1610,1573,1610,1017900,1610
2004-04-05,1560,1599,1560,1599,1230000,1599
2004-04-02,1517,1550,1517,1549,827200,1549
2004-04-01,1530,1530,1488,1516,869700,1516
2004-03-31,1529,1538,1525,1537,709600,1537
2004-03-30,1550,1550,1511,1515,515400,1515
2004-03-29,1493,1521,1489,1520,923900,1520
2004-03-26,1472,1480,1461,1480,495700,1480
2004-03-25,1444,1460,1438,1452,289600,1452
2004-03-24,1435,1449,1420,1424,262900,1424
2004-03-23,1450,1450,1420,1438,339800,1438
2004-03-22,1461,1474,1455,1461,725000,1461
2004-03-19,1437,1460,1437,1441,383800,1441
2004-03-18,1460,1474,1445,1465,810900,1465
2004-03-17,1444,1458,1425,1435,392300,1435
2004-03-16,1450,1467,1449,1464,732100,1464
2004-03-15,1440,1450,1433,1445,409800,1445
2004-03-12,1410,1418,1400,1410,661500,1410
2004-03-11,1380,1420,1370,1413,666800,1413
2004-03-10,1390,1396,1380,1385,503500,1385
2004-03-09,1400,1415,1390,1396,563800,1396
2004-03-08,1435,1445,1421,1423,448800,1423
2004-03-05,1437,1439,1423,1429,730500,1429
2004-03-04,1464,1469,1449,1450,754500,1450
2004-03-03,1456,1485,1454,1464,1327800,1464
2004-03-02,1450,1458,1440,1454,1267400,1454
2004-03-01,1449,1450,1436,1445,906300,1445
2004-02-27,1398,1427,1395,1423,1357400,1423
2004-02-26,1373,1386,1367,1378,695000,1378
2004-02-25,1359,1370,1351,1365,630100,1365
2004-02-24,1400,1400,1352,1355,981700,1355
2004-02-23,1395,1417,1393,1404,1009700,1404
2004-02-20,1376,1393,1360,1390,540100,1390
2004-02-19,1349,1384,1349,1376,514600,1376
2004-02-18,1342,1364,1342,1344,643500,1344
2004-02-17,1310,1346,1301,1340,1026700,1340
2004-02-16,1301,1334,1290,1330,795500,1330
2004-02-13,1295,1299,1272,1281,619000,1281
2004-02-12,1320,1320,1291,1295,360600,1295
2004-02-10,1315,1330,1296,1300,370900,1300
2004-02-09,1357,1358,1315,1316,679900,1316
2004-02-06,1291,1319,1289,1319,686000,1319
2004-02-05,1304,1306,1283,1291,890200,1291
2004-02-04,1345,1348,1316,1320,615300,1320
2004-02-03,1350,1353,1330,1330,876100,1330
2004-02-02,1349,1358,1326,1331,550800,1331
2004-01-30,1340,1360,1332,1340,563900,1340
2004-01-29,1330,1341,1322,1332,402100,1332
2004-01-28,1353,1359,1323,1340,540700,1340
2004-01-27,1373,1399,1355,1365,657000,1365
2004-01-26,1380,1381,1352,1366,994000,1366
2004-01-23,1395,1404,1381,1390,407100,1390
2004-01-22,1426,1431,1390,1395,1006900,1395
2004-01-21,1430,1455,1429,1431,626500,1431
2004-01-20,1426,1449,1422,1429,1018600,1429
2004-01-19,1512,1512,1410,1449,2200100,1449
2004-01-16,1499,1506,1481,1492,603000,1492
2004-01-15,1480,1509,1475,1491,1468700,1491
2004-01-14,1460,1488,1441,1471,780400,1471
2004-01-13,1470,1480,1443,1468,1691800,1468
2004-01-09,1382,1449,1378,1447,1810800,1447
2004-01-08,1332,1368,1330,1358,774600,1358
2004-01-07,1361,1375,1341,1345,352000,1345
2004-01-06,1390,1390,1343,1352,389600,1352
2004-01-05,1380,1385,1365,1380,288500,1380
2003-12-30,1340,1350,1324,1350,414200,1350
2003-12-29,1320,1330,1314,1324,276400,1324
2003-12-26,1290,1305,1285,1304,265300,1304
2003-12-25,1289,1299,1275,1281,420400,1281
2003-12-24,1305,1316,1302,1309,494000,1309
2003-12-22,1294,1303,1290,1302,266500,1302
2003-12-19,1274,1300,1274,1284,400500,1284
2003-12-18,1271,1281,1265,1267,225500,1267
2003-12-17,1320,1320,1275,1276,332700,1276
2003-12-16,1307,1316,1285,1300,319500,1300
2003-12-15,1300,1324,1298,1316,983800,1316
2003-12-12,1281,1320,1262,1269,857500,1269
2003-12-11,1271,1317,1256,1275,1154500,1275
2003-12-10,1303,1312,1276,1291,595500,1291
2003-12-09,1350,1379,1330,1341,284900,1341
2003-12-08,1390,1395,1328,1349,609300,1349
2003-12-05,1445,1455,1412,1420,300600,1420
2003-12-04,1430,1475,1429,1475,431200,1475
2003-12-03,1430,1470,1420,1434,451000,1434
2003-12-02,1421,1449,1410,1448,851400,1448
2003-12-01,1353,1410,1335,1399,264100,1399
2003-11-28,1423,1428,1399,1408,282900,1408
2003-11-27,1410,1430,1402,1421,698300,1421
2003-11-26,1365,1389,1365,1377,341100,1377
2003-11-25,1370,1370,1330,1330,227100,1330
2003-11-21,1339,1347,1319,1320,351400,1320
2003-11-20,1320,1327,1306,1311,519100,1311
2003-11-19,1337,1337,1280,1285,389900,1285
2003-11-18,1302,1339,1300,1339,501400,1339
2003-11-17,1353,1354,1290,1322,767100,1322
2003-11-14,1411,1416,1371,1380,862300,1380
2003-11-13,1447,1470,1423,1437,452400,1437
2003-11-12,1474,1479,1410,1437,585300,1437
2003-11-11,1475,1496,1455,1494,694400,1494
2003-11-10,1485,1508,1475,1505,914400,1505
2003-11-07,1510,1538,1475,1533,1593200,1533
2003-11-06,1610,1641,1460,1551,1127700,1551
2003-11-05,1630,1630,1599,1623,482100,1623
2003-11-04,1620,1643,1592,1641,1627500,1641
2003-10-31,1543,1547,1520,1530,456900,1530
2003-10-30,1511,1540,1490,1521,814100,1521
2003-10-29,1485,1499,1449,1491,1269600,1491
2003-10-28,1485,1486,1459,1465,953900,1465
2003-10-27,1508,1520,1482,1485,629200,1485
2003-10-24,1561,1579,1495,1508,453300,1508
2003-10-23,1561,1576,1522,1527,676600,1527
2003-10-22,1669,1676,1618,1630,272500,1630
2003-10-21,1716,1733,1641,1665,647000,1665
2003-10-20,1650,1691,1628,1686,560300,1686
2003-10-17,1648,1659,1628,1648,429700,1648
2003-10-16,1649,1650,1594,1629,884700,1629
2003-10-15,1693,1693,1620,1652,1024600,1652
2003-10-14,1599,1675,1590,1655,873700,1655
2003-10-10,1510,1615,1508,1572,1433900,1572
2003-10-09,1603,1603,1518,1538,1350100,1538
2003-10-08,1658,1662,1606,1616,452800,1616
2003-10-07,1667,1685,1662,1663,663100,1663
2003-10-06,1690,1693,1650,1665,594500,1665
2003-10-03,1640,1657,1607,1639,1106500,1639
2003-10-02,1685,1703,1630,1654,720600,1654
2003-10-01,1651,1680,1630,1673,567600,1673
2003-09-30,1686,1709,1665,1681,227900,1681
2003-09-29,1709,1724,1651,1656,349700,1656
2003-09-26,1661,1715,1652,1708,508500,1708
2003-09-25,1638,1675,1603,1661,503300,1661
2003-09-24,1712,1742,1653,1653,637700,1653
2003-09-22,1703,1714,1641,1669,902800,1669
2003-09-19,1761,1785,1731,1780,725900,1780
2003-09-18,1770,1770,1748,1758,517200,1758
2003-09-17,1795,1821,1763,1771,631200,1771
2003-09-16,1831,1840,1778,1787,814600,1787
2003-09-12,1850,1870,1845,1860,412600,1860
2003-09-11,1870,1883,1841,1841,367000,1841
2003-09-10,1905,1916,1895,1900,201700,1900
2003-09-09,1895,1925,1875,1918,557300,1918
2003-09-08,1883,1892,1861,1873,203900,1873
2003-09-05,1856,1882,1840,1876,750900,1876
2003-09-04,1885,1887,1861,1876,506100,1876
2003-09-03,1916,1924,1878,1900,493200,1900
2003-09-02,1910,1929,1885,1915,713400,1915
2003-09-01,1881,1917,1812,1900,596000,1900
2003-08-29,1865,1893,1860,1891,751200,1891
2003-08-28,1830,1855,1816,1851,1005100,1851
2003-08-27,1785,1818,1778,1807,698800,1807
2003-08-26,1775,1790,1769,1774,388500,1774
2003-08-25,1725,1808,1725,1800,1148000,1800
2003-08-22,1730,1740,1689,1708,494100,1708
2003-08-21,1730,1750,1706,1721,1096000,1721
2003-08-20,1670,1719,1652,1709,729100,1709
2003-08-19,1636,1660,1619,1641,835000,1641
2003-08-18,1612,1640,1612,1617,650400,1617
2003-08-15,1690,1690,1601,1628,481000,1628
2003-08-14,1692,1692,1651,1660,674500,1660
2003-08-13,1610,1670,1610,1662,946800,1662
2003-08-12,1579,1593,1560,1583,937700,1583
2003-08-11,1542,1563,1534,1551,775400,1551
2003-08-08,1523,1548,1471,1519,1992800,1519
2003-08-07,1630,1633,1573,1578,980500,1578
2003-08-06,1670,1670,1642,1659,419000,1659
2003-08-05,1723,1727,1677,1685,319700,1685
2003-08-04,1715,1730,1690,1724,310000,1724
2003-08-01,1720,1750,1696,1718,373900,1718
2003-07-31,1755,1777,1719,1728,287000,1728
2003-07-30,1800,1800,1755,1777,305200,1777
2003-07-29,1799,1817,1788,1814,652900,1814
2003-07-28,1780,1797,1763,1796,634700,1796
2003-07-25,1740,1772,1735,1759,417400,1759
2003-07-24,1740,1770,1736,1764,767100,1764
2003-07-23,1711,1738,1695,1734,740200,1734
2003-07-22,1655,1661,1621,1631,467900,1631
2003-07-18,1640,1677,1635,1654,599200,1654
2003-07-17,1680,1720,1655,1671,865100,1671
2003-07-16,1750,1758,1710,1735,1186700,1735
2003-07-15,1725,1764,1685,1711,1799500,1711
2003-07-14,1632,1707,1618,1695,991400,1695
2003-07-11,1564,1610,1560,1572,810300,1572
2003-07-10,1650,1673,1616,1624,505000,1624
2003-07-09,1730,1730,1641,1687,573100,1687
2003-07-08,1705,1746,1705,1730,876300,1730
2003-07-07,1620,1710,1615,1680,739400,1680
2003-07-04,1550,1609,1546,1596,682500,1596
2003-07-03,1700,1720,1570,1600,980300,1600
2003-07-02,1590,1678,1585,1619,1683000,1619
2003-07-01,1478,1570,1465,1556,1201000,1556
2003-06-30,1444,1502,1444,1478,1451800,1478
2003-06-27,1362,1430,1356,1429,980300,1429
2003-06-26,1340,1353,1328,1345,327200,1345
2003-06-25,1316,1356,1316,1346,317200,1346
2003-06-24,1349,1349,1300,1312,447600,1312
2003-06-23,1379,1382,1360,1367,829900,1367
2003-06-20,1320,1344,1320,1343,457600,1343
2003-06-19,1325,1330,1313,1316,253600,1316
2003-06-18,1328,1329,1300,1305,366300,1305
2003-06-17,1336,1338,1310,1315,484300,1315
2003-06-16,1315,1315,1270,1276,325700,1276
2003-06-13,1291,1321,1274,1313,676600,1313
2003-06-12,1340,1346,1302,1310,353300,1310
2003-06-11,1346,1350,1320,1335,357000,1335
2003-06-10,1321,1354,1311,1339,526300,1339
2003-06-09,1321,1339,1321,1325,394000,1325
2003-06-06,1310,1321,1277,1320,612500,1320
2003-06-05,1335,1338,1300,1320,487300,1320
2003-06-04,1355,1355,1301,1318,719500,1318
2003-06-03,1351,1354,1300,1338,856500,1338
2003-06-02,1303,1372,1298,1371,1280400,1371
2003-05-30,1276,1299,1275,1283,573800,1283
2003-05-29,1257,1295,1245,1293,1330700,1293
2003-05-28,1199,1236,1189,1231,873700,1231
2003-05-27,1208,1208,1165,1166,474200,1166
2003-05-26,1240,1240,1184,1199,314300,1199
2003-05-23,1216,1246,1216,1222,817900,1222
2003-05-22,1160,1208,1153,1200,567100,1200
2003-05-21,1160,1179,1150,1152,369100,1152
2003-05-20,1142,1187,1142,1160,565400,1160
2003-05-19,1173,1190,1144,1159,526500,1159
2003-05-16,1184,1204,1170,1189,972500,1189
2003-05-15,1258,1258,1188,1204,801200,1204
2003-05-14,1212,1250,1212,1242,722000,1242
2003-05-13,1260,1267,1212,1245,1829100,1245
2003-05-12,1195,1340,1185,1330,4052200,1330
2003-05-09,1216,1216,1112,1140,4201700,1140
2003-05-08,1016,1042,1012,1016,616600,1016
2003-05-07,1014,1030,1012,1020,503200,1020
2003-05-06,1020,1030,1012,1013,429000,1013
2003-05-02,1034,1034,995,1000,321500,1000
2003-05-01,1033,1045,1020,1033,192400,1033
2003-04-30,1026,1040,1009,1033,176600,1033
2003-04-28,1020,1020,995,997,208800,997
2003-04-25,1048,1048,1014,1020,131700,1020
2003-04-24,1043,1064,1027,1030,239200,1030
2003-04-23,1026,1064,1006,1029,379500,1029
2003-04-22,1054,1055,1022,1022,267600,1022
2003-04-21,1075,1079,1065,1074,400400,1074
2003-04-18,1078,1078,1060,1064,318900,1064
2003-04-17,1050,1074,1030,1061,604500,1061
2003-04-16,1065,1094,1045,1070,1053100,1070
2003-04-15,984,1018,984,1005,396300,1005
2003-04-14,1026,1026,981,994,493100,994
2003-04-11,1040,1040,986,1006,412400,1006
2003-04-10,1068,1068,1029,1042,380000,1042
2003-04-09,1066,1072,1036,1048,676800,1048
2003-04-08,1103,1108,1085,1098,736400,1098
2003-04-07,1095,1115,1066,1103,617800,1103
2003-04-04,1020,1090,1007,1086,1072800,1086
2003-04-03,981,1019,981,1009,757700,1009
2003-04-02,937,957,926,957,316300,957
2003-04-01,960,975,930,944,343100,944
2003-03-31,970,980,950,978,237300,978
2003-03-28,1000,1005,978,980,237300,980
2003-03-27,995,996,960,982,235900,982
2003-03-26,967,999,957,996,266100,996
2003-03-25,965,989,962,966,225800,966
2003-03-24,1029,1030,1009,1015,463000,1015
2003-03-20,950,986,948,979,343300,979
2003-03-19,960,962,921,931,334100,931
2003-03-18,955,976,925,964,521100,964
2003-03-17,926,928,914,915,293300,915
2003-03-14,923,936,904,922,897900,922
2003-03-13,884,922,884,903,631100,903
2003-03-12,861,888,861,882,518500,882
2003-03-11,865,897,857,876,421700,876
2003-03-10,915,917,880,885,327200,885
2003-03-07,950,963,922,922,419900,922
2003-03-06,961,982,952,965,626100,965
2003-03-05,925,938,918,922,410300,922
2003-03-04,945,955,927,945,412400,945
2003-03-03,961,972,955,955,338700,955
2003-02-28,978,983,971,971,266800,971
2003-02-27,993,993,950,969,348900,969
2003-02-26,999,1002,987,996,501000,996
2003-02-25,1021,1021,992,994,522000,994
2003-02-24,1013,1036,996,1020,495300,1020
2003-02-21,1030,1039,1017,1028,348800,1028
2003-02-20,1031,1037,1010,1013,295200,1013
2003-02-19,1062,1062,1035,1036,207400,1036
2003-02-18,1070,1070,1046,1050,386800,1050
2003-02-17,1059,1078,1046,1064,596500,1064
2003-02-14,1055,1070,1035,1039,605400,1039
2003-02-13,1072,1080,1053,1062,622500,1062
2003-02-12,1090,1097,1076,1078,318000,1078
2003-02-10,1090,1104,1076,1089,145400,1089
2003-02-07,1096,1106,1089,1090,116800,1090
2003-02-06,1128,1128,1087,1088,246100,1088
2003-02-05,1100,1145,1095,1110,439100,1110
2003-02-04,1139,1155,1112,1120,317500,1120
2003-02-03,1111,1129,1105,1125,305200,1125
2003-01-31,1113,1132,1107,1125,256900,1125
2003-01-30,1115,1131,1113,1117,107100,1117
2003-01-29,1165,1165,1110,1113,261800,1113
2003-01-28,1160,1164,1137,1145,176300,1145
2003-01-27,1188,1188,1161,1165,184400,1165
2003-01-24,1201,1203,1174,1188,645900,1188
2003-01-23,1167,1214,1160,1214,505100,1214
2003-01-22,1207,1207,1160,1167,588200,1167
2003-01-21,1201,1220,1201,1220,611000,1220
2003-01-20,1254,1254,1224,1235,345900,1235
2003-01-17,1255,1291,1250,1280,146100,1280
2003-01-16,1284,1295,1258,1268,403900,1268
2003-01-15,1325,1336,1315,1324,590500,1324
2003-01-14,1265,1299,1265,1299,144800,1299
2003-01-10,1288,1298,1247,1253,119100,1253
2003-01-09,1270,1283,1254,1268,117800,1268
2003-01-08,1310,1330,1286,1290,144200,1290
2003-01-07,1328,1338,1297,1332,300000,1332
2003-01-06,1282,1300,1282,1288,28700,1288
2002-12-30,1299,1299,1251,1282,70700,1282
2002-12-27,1320,1327,1294,1299,200100,1299
2002-12-26,1271,1307,1269,1307,101400,1307
2002-12-25,1268,1280,1259,1271,188700,1271
2002-12-24,1248,1278,1247,1278,177900,1278
2002-12-20,1275,1276,1240,1256,188400,1256
2002-12-19,1280,1281,1255,1275,238500,1275
2002-12-18,1287,1296,1277,1284,424400,1284
2002-12-17,1252,1274,1252,1274,340000,1274
2002-12-16,1270,1285,1215,1215,509000,1215
2002-12-13,1310,1311,1287,1289,501600,1289
2002-12-12,1320,1338,1310,1310,233600,1310
2002-12-11,1340,1350,1320,1336,360800,1336
2002-12-10,1326,1340,1310,1338,466700,1338
2002-12-09,1370,1386,1350,1376,481500,1376
2002-12-06,1365,1385,1352,1380,531300,1380
2002-12-05,1360,1364,1343,1359,363400,1359
2002-12-04,1380,1380,1340,1350,665000,1350
2002-12-03,1335,1400,1335,1395,984800,1395
2002-12-02,1320,1350,1302,1330,384200,1330
2002-11-29,1300,1339,1261,1320,1039500,1320
2002-11-28,1261,1270,1245,1260,517700,1260
2002-11-27,1207,1224,1205,1221,294100,1221
2002-11-26,1275,1275,1215,1227,499400,1227
2002-11-25,1254,1263,1230,1255,368600,1255
2002-11-22,1265,1270,1220,1255,795600,1255
2002-11-21,1156,1210,1135,1205,719800,1205
2002-11-20,1080,1135,1068,1119,287200,1119
2002-11-19,1148,1148,1098,1105,304000,1105
2002-11-18,1139,1145,1122,1145,160400,1145
2002-11-15,1140,1155,1125,1139,205600,1139
2002-11-14,1130,1151,1130,1130,202000,1130
2002-11-13,1185,1186,1143,1143,245700,1143
2002-11-12,1165,1200,1165,1195,112600,1195
2002-11-11,1185,1191,1177,1179,442700,1179
2002-11-08,1187,1214,1174,1210,451000,1210
2002-11-07,1240,1250,1221,1227,362300,1227
2002-11-06,1198,1270,1197,1220,1095900,1220
2002-11-05,1160,1162,1143,1158,272000,1158
2002-11-01,1130,1130,1116,1118,250700,1118
2002-10-31,1187,1190,1129,1130,264800,1130
2002-10-30,1190,1211,1180,1186,199400,1186
2002-10-29,1167,1196,1167,1194,292500,1194
2002-10-28,1160,1166,1140,1166,249500,1166
2002-10-25,1080,1148,1080,1140,185700,1140
2002-10-24,1140,1143,1079,1080,306300,1080
2002-10-23,1150,1150,1105,1120,404100,1120
2002-10-22,1200,1211,1171,1172,233600,1172
2002-10-21,1220,1230,1194,1194,302800,1194
2002-10-18,1227,1245,1202,1206,576900,1206
2002-10-17,1260,1265,1225,1227,295500,1227
2002-10-16,1285,1285,1260,1267,273000,1267
2002-10-15,1255,1278,1253,1278,257600,1278
2002-10-11,1250,1264,1214,1221,246300,1221
2002-10-10,1170,1203,1149,1195,623300,1195
2002-10-09,1250,1251,1225,1227,382500,1227
2002-10-08,1299,1350,1250,1262,435700,1262
2002-10-07,1350,1350,1305,1310,296000,1310
2002-10-04,1360,1374,1356,1370,206400,1370
2002-10-03,1370,1407,1370,1399,319900,1399
2002-10-02,1455,1456,1362,1375,630000,1375
2002-10-01,1505,1505,1486,1504,114100,1504
2002-09-30,1530,1530,1500,1512,126300,1512
2002-09-27,1530,1534,1510,1520,222500,1520
2002-09-26,1530,1530,1494,1505,133400,1505
2002-09-25,1495,1520,1463,1464,153200,1464
2002-09-24,1510,1548,1490,1548,211400,1548
2002-09-20,1494,1509,1481,1509,274300,1509
2002-09-19,1550,1564,1475,1481,259600,1481
2002-09-18,1454,1487,1452,1485,120200,1485
2002-09-17,1461,1523,1461,1500,289900,1500
2002-09-13,1442,1460,1441,1460,645800,1460
2002-09-12,1450,1463,1435,1462,282600,1462
2002-09-11,1455,1467,1420,1460,252900,1460
2002-09-10,1430,1459,1430,1455,411000,1455
2002-09-09,1376,1431,1372,1422,425500,1422
2002-09-06,1357,1366,1340,1350,286300,1350
2002-09-05,1380,1395,1370,1381,302100,1381
2002-09-04,1350,1387,1347,1374,263900,1374
2002-09-03,1400,1400,1340,1350,456700,1350
2002-09-02,1441,1443,1407,1409,183200,1409
2002-08-30,1440,1458,1430,1455,161500,1455
2002-08-29,1450,1450,1430,1441,215000,1441
2002-08-28,1546,1546,1476,1485,339500,1485
2002-08-27,1593,1593,1508,1516,257400,1516
2002-08-26,1550,1570,1545,1570,140900,1570
2002-08-23,1600,1600,1548,1555,326000,1555
2002-08-22,1520,1568,1510,1559,293100,1559
2002-08-21,1480,1517,1480,1505,124300,1505
2002-08-20,1485,1497,1465,1490,191800,1490
2002-08-19,1492,1497,1470,1485,289700,1485
2002-08-16,1541,1541,1485,1492,319400,1492
2002-08-15,1487,1505,1472,1479,289900,1479
2002-08-14,1451,1457,1444,1447,115900,1447
2002-08-13,1418,1442,1410,1440,206500,1440
2002-08-12,1464,1474,1418,1418,227300,1418
2002-08-09,1470,1507,1470,1484,240600,1484
2002-08-08,1500,1510,1451,1455,184600,1455
2002-08-07,1483,1510,1463,1490,266900,1490
2002-08-06,1386,1411,1370,1403,498700,1403
2002-08-05,1423,1455,1400,1426,681700,1426
2002-08-02,1550,1550,1475,1483,838800,1483
2002-08-01,1619,1651,1550,1565,421000,1565
2002-07-31,1654,1674,1633,1674,170000,1674
2002-07-30,1625,1660,1622,1624,316000,1624
2002-07-29,1619,1626,1610,1610,181000,1610
2002-07-26,1663,1663,1620,1620,473000,1620
2002-07-25,1700,1709,1671,1671,276000,1671
2002-07-24,1670,1680,1666,1667,208000,1667
2002-07-23,1670,1686,1665,1666,346000,1666
2002-07-22,1660,1704,1660,1672,320000,1672
2002-07-19,1720,1721,1705,1718,269000,1718
2002-07-18,1695,1725,1690,1725,183000,1725
2002-07-17,1658,1690,1654,1690,251000,1690
2002-07-16,1689,1705,1667,1670,431000,1670
2002-07-15,1733,1733,1682,1689,236000,1689
2002-07-12,1727,1740,1711,1714,342000,1714
2002-07-11,1740,1740,1708,1717,327000,1717
2002-07-10,1763,1773,1754,1760,299000,1760
2002-07-09,1741,1795,1741,1793,402000,1793
2002-07-08,1777,1798,1766,1766,503000,1766
2002-07-05,1700,1723,1700,1717,560000,1717
2002-07-04,1730,1731,1713,1719,304000,1719
2002-07-03,1731,1766,1729,1749,394000,1749
2002-07-02,1780,1783,1741,1779,261000,1779
2002-07-01,1796,1815,1780,1804,185000,1804
2002-06-28,1804,1833,1803,1826,357000,1826
2002-06-27,1770,1800,1770,1787,290000,1787
2002-06-26,1828,1828,1770,1779,332000,1779
2002-06-25,1820,1838,1820,1836,528000,1836
2002-06-24,1774,1830,1760,1830,523000,1830
2002-06-21,1762,1800,1762,1785,325000,1785
2002-06-20,1730,1809,1693,1803,730000,1803
2002-06-19,1740,1780,1731,1741,581000,1741
2002-06-18,1720,1735,1706,1729,288000,1729
2002-06-17,1701,1714,1691,1691,293000,1691
2002-06-14,1700,1724,1700,1717,475000,1717
2002-06-13,1751,1751,1699,1724,477000,1724
2002-06-12,1765,1773,1746,1750,277000,1750
2002-06-11,1799,1799,1761,1768,349000,1768
2002-06-10,1765,1790,1748,1788,447000,1788
2002-06-07,1785,1785,1752,1766,767000,1766
2002-06-06,1847,1856,1830,1830,799000,1830
2002-06-05,1800,1828,1797,1801,615000,1801
2002-06-04,1820,1843,1790,1792,802000,1792
2002-06-03,1785,1820,1783,1805,561000,1805
2002-05-31,1799,1799,1782,1783,420000,1783
2002-05-30,1825,1835,1790,1820,714000,1820
2002-05-29,1863,1863,1813,1825,653000,1825
2002-05-28,1890,1890,1865,1874,434000,1874
2002-05-27,1940,1942,1879,1880,445000,1880
2002-05-24,1965,1965,1882,1905,663000,1905
2002-05-23,1980,1980,1938,1942,214000,1942
2002-05-22,1955,1962,1944,1955,396000,1955
2002-05-21,1953,1961,1927,1940,478000,1940
2002-05-20,1985,1993,1957,1983,289000,1983
2002-05-17,2000,2000,1950,1961,324000,1961
2002-05-16,2000,2005,1978,1981,247000,1981
2002-05-15,2000,2010,1987,1992,533000,1992
2002-05-14,1963,1981,1942,1958,816000,1958
2002-05-13,1931,1931,1875,1903,522000,1903
2002-05-10,1972,1972,1940,1952,329000,1952
2002-05-09,1980,1990,1972,1979,626000,1979
2002-05-08,1952,1970,1918,1929,588000,1929
2002-05-07,2040,2040,1953,1968,387000,1968
2002-05-02,2015,2045,2005,2035,178000,2035
2002-05-01,2010,2030,2005,2030,234000,2030
2002-04-30,2020,2040,1963,2025,299000,2025
2002-04-26,2100,2100,1991,2010,438000,2010
2002-04-25,2090,2130,2090,2100,115000,2100
2002-04-24,2130,2135,2100,2105,168000,2105
2002-04-23,2115,2125,2085,2105,371000,2105
2002-04-22,2135,2145,2115,2120,162000,2120
2002-04-19,2125,2170,2085,2100,363000,2100
2002-04-18,2155,2210,2155,2160,447000,2160
2002-04-17,2145,2190,2130,2190,903000,2190
2002-04-16,2030,2100,2030,2050,478000,2050
2002-04-15,1982,2070,1982,2070,327000,2070
2002-04-12,1973,2005,1972,1981,334000,1981
2002-04-11,2000,2020,1992,1993,445000,1993
2002-04-10,1997,2045,1976,1998,452000,1998
2002-04-09,2045,2045,1992,1996,1011000,1996
2002-04-08,2145,2150,2050,2050,1104000,2050
2002-04-05,2215,2220,2145,2155,836000,2155
2002-04-04,2285,2300,2215,2225,793000,2225
2002-04-03,2230,2330,2200,2310,711000,2310
2002-04-02,2200,2265,2200,2255,453000,2255
2002-04-01,2225,2240,2185,2200,364000,2200
2002-03-29,2175,2195,2160,2160,317000,2160
2002-03-28,2160,2160,2125,2130,285000,2130
2002-03-27,2115,2140,2085,2140,189000,2140
2002-03-26,2135,2140,2105,2115,119000,2115
2002-03-25,2100,2150,2075,2130,400000,2130
2002-03-22,2135,2220,2110,2110,314000,2110
2002-03-20,2230,2230,2180,2215,325000,2215
2002-03-19,2105,2205,2100,2205,330000,2205
2002-03-18,2140,2140,2085,2085,418000,2085
2002-03-15,2085,2145,2085,2100,616000,2100
2002-03-14,2070,2080,2055,2080,646000,2080
2002-03-13,2100,2160,2100,2100,404000,2100
2002-03-12,2150,2170,2090,2090,574000,2090
2002-03-11,2245,2245,2135,2195,578000,2195
2002-03-08,2260,2320,2225,2275,557000,2275
2002-03-07,2270,2320,2270,2320,593000,2320
2002-03-06,2215,2300,2205,2230,513000,2230
2002-03-05,2345,2345,2245,2255,1084000,2255
2002-03-04,2190,2315,2190,2310,951000,2310
2002-03-01,2170,2195,2135,2195,512000,2195
2002-02-28,2065,2150,2065,2135,520000,2135
2002-02-27,2000,2055,2000,2055,239000,2055
2002-02-26,1994,2030,1994,2020,620000,2020
2002-02-25,2055,2065,1985,1986,593000,1986
2002-02-22,2000,2045,1995,2020,317000,2020
2002-02-21,1980,2040,1972,2035,707000,2035
2002-02-20,1906,1999,1906,1980,538000,1980
2002-02-19,1943,1950,1920,1950,324000,1950
2002-02-18,1870,1950,1867,1945,340000,1945
2002-02-15,1883,1885,1853,1869,286000,1869
2002-02-14,1833,1885,1833,1872,384000,1872
2002-02-13,1821,1844,1817,1820,306000,1820
2002-02-12,1830,1849,1820,1849,168000,1849
2002-02-08,1820,1820,1808,1810,316000,1810
2002-02-07,1808,1820,1804,1812,262000,1812
2002-02-06,1811,1825,1803,1804,307000,1804
2002-02-05,1826,1833,1811,1825,355000,1825
2002-02-04,1853,1855,1823,1855,310000,1855
2002-02-01,1864,1870,1838,1850,331000,1850
2002-01-31,1820,1845,1816,1840,187000,1840
2002-01-30,1820,1827,1807,1819,385000,1819
2002-01-29,1862,1865,1828,1840,285000,1840
2002-01-28,1886,1886,1862,1862,254000,1862
2002-01-25,1850,1892,1837,1888,361000,1888
2002-01-24,1845,1865,1838,1850,472000,1850
2002-01-23,1800,1850,1800,1847,367000,1847
2002-01-22,1828,1838,1808,1820,378000,1820
2002-01-21,1798,1829,1794,1828,186000,1828
2002-01-18,1780,1800,1772,1798,256000,1798
2002-01-17,1763,1785,1763,1780,179000,1780
2002-01-16,1771,1805,1770,1793,305000,1793
2002-01-15,1803,1833,1785,1815,306000,1815
2002-01-11,1850,1866,1822,1822,262000,1822
2002-01-10,1847,1893,1840,1842,724000,1842
2002-01-09,1806,1840,1800,1830,351000,1830
2002-01-08,1796,1796,1762,1776,180000,1776
2002-01-07,1770,1805,1765,1788,170000,1788
2002-01-04,1798,1810,1771,1798,152000,1798
2001-12-28,1731,1768,1731,1768,113000,1768
2001-12-27,1695,1700,1689,1700,199000,1700
2001-12-26,1684,1699,1672,1672,150000,1672
2001-12-25,1710,1725,1679,1684,452000,1684
2001-12-21,1762,1787,1732,1738,410000,1738
2001-12-20,1797,1815,1769,1815,334000,1815
2001-12-19,1830,1837,1781,1787,371000,1787
2001-12-18,1851,1875,1827,1835,345000,1835
2001-12-17,1835,1855,1823,1851,394000,1851
2001-12-14,1800,1820,1798,1818,427000,1818
2001-12-13,1805,1835,1805,1810,207000,1810
2001-12-12,1745,1801,1745,1787,182000,1787
2001-12-11,1803,1804,1762,1773,448000,1773
2001-12-10,1828,1828,1792,1810,206000,1810
2001-12-07,1810,1838,1810,1829,389000,1829
2001-12-06,1781,1816,1781,1803,561000,1803
2001-12-05,1743,1759,1727,1749,535000,1749
2001-12-04,1735,1743,1700,1720,454000,1720
2001-12-03,1743,1743,1705,1705,217000,1705
2001-11-30,1724,1735,1699,1735,334000,1735
2001-11-29,1645,1735,1644,1726,556000,1726
2001-11-28,1679,1685,1667,1675,177000,1675
2001-11-27,1644,1679,1640,1674,241000,1674
2001-11-26,1590,1630,1590,1630,99000,1630
2001-11-22,1580,1590,1575,1588,71000,1588
2001-11-21,1585,1600,1581,1581,113000,1581
2001-11-20,1616,1620,1582,1590,126000,1590
2001-11-19,1621,1621,1593,1593,128000,1593
2001-11-16,1635,1640,1607,1621,305000,1621
2001-11-15,1571,1643,1571,1642,314000,1642
2001-11-14,1590,1600,1545,1549,260000,1549
2001-11-13,1593,1610,1573,1600,448000,1600
2001-11-12,1555,1575,1543,1572,278000,1572
2001-11-09,1508,1555,1508,1530,379000,1530
2001-11-08,1481,1488,1475,1488,180000,1488
2001-11-07,1478,1491,1430,1481,231000,1481
2001-11-06,1514,1514,1475,1498,186000,1498
2001-11-05,1447,1494,1444,1494,167000,1494
2001-11-02,1453,1489,1440,1444,194000,1444
2001-11-01,1500,1500,1450,1450,203000,1450
2001-10-31,1476,1496,1476,1480,114000,1480
2001-10-30,1475,1510,1460,1480,175000,1480
2001-10-29,1554,1555,1520,1520,88000,1520
2001-10-26,1572,1578,1540,1555,156000,1555
2001-10-25,1525,1574,1519,1573,202000,1573
2001-10-24,1536,1559,1511,1518,298000,1518
2001-10-23,1559,1575,1553,1566,196000,1566
2001-10-22,1570,1573,1521,1522,186000,1522
2001-10-19,1509,1574,1509,1570,131000,1570
2001-10-18,1552,1564,1541,1541,149000,1541
2001-10-17,1522,1587,1522,1585,147000,1585
2001-10-16,1541,1590,1541,1582,156000,1582
2001-10-15,1560,1571,1545,1571,188000,1571
2001-10-12,1531,1570,1531,1570,237000,1570
2001-10-11,1510,1529,1510,1515,120000,1515
2001-10-10,1501,1515,1499,1510,100000,1510
2001-10-09,1533,1535,1513,1520,146000,1520
2001-10-05,1560,1560,1520,1540,202000,1540
2001-10-04,1500,1540,1500,1540,173000,1540
2001-10-03,1490,1506,1490,1495,154000,1495
2001-10-02,1467,1494,1455,1482,127000,1482
2001-10-01,1425,1460,1414,1454,136000,1454
2001-09-28,1369,1420,1369,1406,245000,1406
2001-09-27,1325,1340,1323,1340,129000,1340
2001-09-26,1344,1369,1291,1300,230000,1300
2001-09-25,1342,1344,1335,1344,160000,1344
2001-09-21,1270,1304,1270,1286,156000,1286
2001-09-20,1312,1312,1285,1285,180000,1285
2001-09-19,1340,1400,1340,1392,92000,1392
2001-09-18,1290,1360,1280,1340,91000,1340
2001-09-17,1300,1300,1256,1259,49000,1259
2001-09-14,1253,1305,1245,1301,189000,1301
2001-09-13,1250,1260,1230,1233,53000,1233
2001-09-12,1220,1290,1218,1244,214000,1244
2001-09-11,1290,1318,1290,1293,104000,1293
2001-09-10,1295,1307,1290,1299,130000,1299
2001-09-07,1295,1309,1291,1296,107000,1296
2001-09-06,1312,1312,1280,1299,124000,1299
2001-09-05,1280,1300,1250,1292,128000,1292
2001-09-04,1260,1282,1259,1280,121000,1280
2001-09-03,1290,1301,1265,1267,166000,1267
2001-08-31,1310,1320,1300,1303,298000,1303
2001-08-30,1320,1335,1316,1327,102000,1327
2001-08-29,1357,1357,1330,1330,117000,1330
2001-08-28,1388,1388,1350,1357,105000,1357
2001-08-27,1405,1405,1368,1368,91000,1368
2001-08-24,1325,1345,1316,1345,234000,1345
2001-08-23,1380,1390,1327,1327,179000,1327
2001-08-22,1382,1382,1345,1345,125000,1345
2001-08-21,1387,1400,1377,1382,129000,1382
2001-08-20,1405,1408,1393,1393,140000,1393
2001-08-17,1443,1443,1415,1419,177000,1419
2001-08-16,1460,1460,1442,1443,153000,1443
2001-08-15,1480,1488,1462,1467,303000,1467
2001-08-14,1510,1532,1490,1508,717000,1508
2001-08-13,1485,1500,1484,1490,202000,1490
2001-08-10,1580,1580,1544,1545,191000,1545
2001-08-09,1610,1610,1571,1584,143000,1584
2001-08-08,1667,1679,1633,1633,235000,1633
2001-08-07,1684,1708,1670,1697,153000,1697
2001-08-06,1715,1716,1696,1709,133000,1709
2001-08-03,1705,1720,1700,1700,259000,1700
2001-08-02,1660,1704,1652,1704,222000,1704
2001-08-01,1679,1698,1670,1690,124000,1690
2001-07-31,1624,1655,1624,1649,112000,1649
2001-07-30,1644,1644,1622,1630,75000,1630
2001-07-27,1655,1660,1646,1654,159000,1654
2001-07-26,1660,1660,1625,1655,190000,1655
2001-07-25,1635,1661,1635,1658,103000,1658
2001-07-24,1626,1649,1621,1648,203000,1648
2001-07-23,1692,1692,1625,1627,91000,1627
2001-07-19,1656,1671,1645,1662,74000,1662
2001-07-18,1685,1685,1645,1655,64000,1655
2001-07-17,1681,1690,1671,1684,78000,1684
2001-07-16,1719,1720,1705,1711,146000,1711
2001-07-13,1720,1737,1710,1721,234000,1721
2001-07-12,1680,1680,1658,1660,98000,1660
2001-07-11,1668,1670,1632,1632,95000,1632
2001-07-10,1675,1675,1641,1669,56000,1669
2001-07-09,1621,1631,1616,1616,132000,1616
2001-07-06,1680,1680,1648,1651,143000,1651
2001-07-05,1680,1694,1660,1660,135000,1660
2001-07-04,1699,1714,1685,1685,73000,1685
2001-07-03,1669,1697,1669,1697,51000,1697
2001-07-02,1699,1699,1641,1650,97000,1650
2001-06-29,1694,1708,1690,1703,78000,1703
2001-06-28,1651,1680,1633,1650,120000,1650
2001-06-27,1699,1708,1667,1670,289000,1670
2001-06-26,1696,1714,1669,1669,257000,1669
2001-06-25,1752,1752,1688,1688,47000,1688
2001-06-22,1709,1743,1700,1743,210000,1743
2001-06-21,1711,1720,1672,1679,185000,1679
2001-06-20,1680,1690,1660,1690,222000,1690
2001-06-19,1749,1749,1710,1710,67000,1710
2001-06-18,1705,1720,1689,1689,53000,1689
2001-06-15,1700,1735,1675,1735,334000,1735
2001-06-14,1712,1728,1685,1685,358000,1685
2001-06-13,1720,1760,1705,1760,289000,1760
2001-06-12,1783,1783,1690,1690,175000,1690
2001-06-11,1819,1819,1760,1761,152000,1761
2001-06-08,1778,1815,1774,1805,701000,1805
2001-06-07,1738,1766,1725,1750,215000,1750
2001-06-06,1743,1750,1700,1748,384000,1748
2001-06-05,1709,1709,1651,1684,164000,1684
2001-06-04,1693,1707,1681,1695,121000,1695
2001-06-01,1664,1690,1660,1671,259000,1671
2001-05-31,1630,1631,1590,1605,540000,1605
2001-05-30,1710,1710,1660,1660,254000,1660
2001-05-29,1723,1750,1723,1740,277000,1740
2001-05-28,1750,1770,1745,1753,394000,1753
2001-05-25,1780,1782,1765,1780,114000,1780
2001-05-24,1750,1800,1740,1800,96000,1800
2001-05-23,1820,1820,1770,1796,179000,1796
2001-05-22,1835,1840,1820,1820,171000,1820
2001-05-21,1791,1831,1790,1829,321000,1829
2001-05-18,1760,1790,1760,1781,350000,1781
2001-05-17,1789,1793,1761,1790,441000,1790
2001-05-16,1765,1785,1745,1781,540000,1781
2001-05-15,1745,1765,1720,1765,320000,1765
2001-05-14,1700,1747,1680,1745,384000,1745
2001-05-11,1712,1757,1712,1740,135000,1740
2001-05-10,1731,1750,1731,1742,182000,1742
2001-05-09,1755,1765,1740,1741,225000,1741
2001-05-08,1806,1810,1775,1785,214000,1785
2001-05-07,1815,1840,1803,1810,272000,1810
2001-05-02,1820,1845,1816,1845,228000,1845
2001-05-01,1806,1815,1793,1809,148000,1809
2001-04-27,1800,1806,1780,1788,201000,1788
2001-04-26,1798,1800,1770,1770,150000,1770
2001-04-25,1760,1780,1750,1769,163000,1769
2001-04-24,1710,1760,1710,1760,433000,1760
2001-04-23,1798,1820,1768,1768,186000,1768
2001-04-20,1760,1800,1760,1787,596000,1787
2001-04-19,1737,1769,1731,1760,896000,1760
2001-04-18,1650,1677,1650,1677,254000,1677
2001-04-17,1632,1649,1610,1649,123000,1649
2001-04-16,1645,1650,1633,1645,85000,1645
2001-04-13,1650,1655,1623,1645,250000,1645
2001-04-12,1625,1640,1610,1621,299000,1621
2001-04-11,1559,1578,1558,1565,226000,1565
2001-04-10,1552,1580,1525,1558,240000,1558
2001-04-09,1581,1581,1550,1552,63000,1552
2001-04-06,1645,1645,1585,1590,416000,1590
2001-04-05,1496,1559,1496,1525,139000,1525
2001-04-04,1506,1518,1490,1490,305000,1490
2001-04-03,1508,1543,1501,1543,266000,1543
2001-04-02,1555,1555,1501,1507,247000,1507
2001-03-30,1531,1580,1530,1580,191000,1580
2001-03-29,1600,1600,1531,1531,222000,1531
2001-03-28,1661,1665,1601,1602,252000,1602
2001-03-27,1625,1670,1607,1650,282000,1650
2001-03-26,1599,1637,1575,1637,588000,1637
2001-03-23,1498,1550,1465,1531,888000,1531
2001-03-22,1446,1486,1437,1460,512000,1460
2001-03-21,1401,1461,1401,1426,536000,1426
2001-03-19,1420,1440,1400,1400,340000,1400
2001-03-16,1430,1470,1420,1420,423000,1420
2001-03-15,1430,1450,1395,1430,250000,1430
2001-03-14,1453,1480,1430,1430,242000,1430
2001-03-13,1450,1476,1443,1443,391000,1443
2001-03-12,1495,1512,1486,1508,250000,1508
2001-03-09,1485,1505,1480,1491,444000,1491
2001-03-08,1525,1525,1480,1515,319000,1515
2001-03-07,1575,1578,1512,1530,688000,1530
2001-03-06,1480,1567,1460,1545,746000,1545
2001-03-05,1520,1550,1495,1495,185000,1495
2001-03-02,1560,1578,1515,1521,214000,1521
2001-03-01,1621,1641,1560,1560,184000,1560
2001-02-28,1674,1674,1631,1631,122000,1631
2001-02-27,1671,1699,1671,1681,118000,1681
2001-02-26,1675,1700,1670,1670,97000,1670
2001-02-23,1660,1700,1660,1698,131000,1698
2001-02-22,1675,1688,1667,1676,104000,1676
2001-02-21,1693,1709,1690,1699,279000,1699
2001-02-20,1696,1750,1695,1715,114000,1715
2001-02-19,1720,1725,1700,1707,166000,1707
2001-02-16,1732,1760,1732,1750,111000,1750
2001-02-15,1726,1775,1726,1752,161000,1752
2001-02-14,1721,1773,1721,1732,141000,1732
2001-02-13,1785,1791,1735,1735,469000,1735
2001-02-09,1790,1820,1790,1815,216000,1815
2001-02-08,1833,1840,1801,1820,326000,1820
2001-02-07,1850,1869,1840,1846,259000,1846
2001-02-06,1900,1921,1875,1875,200000,1875
2001-02-05,1910,1912,1872,1890,362000,1890
2001-02-02,1996,2045,1965,1965,442000,1965
2001-02-01,2005,2015,1990,1994,192000,1994
2001-01-31,2050,2055,2035,2045,200000,2045
2001-01-30,2035,2090,2030,2090,200000,2090
2001-01-29,2075,2080,2010,2075,206000,2075
2001-01-26,2010,2110,2000,2095,523000,2095
2001-01-25,1970,2020,1970,2000,145000,2000
2001-01-24,1950,1967,1950,1965,117000,1965
2001-01-23,1980,2005,1975,1977,271000,1977
2001-01-22,1985,1994,1965,1980,104000,1980
2001-01-19,2000,2025,1954,1955,411000,1955
2001-01-18,1951,2040,1950,2010,561000,2010
2001-01-17,1900,1961,1900,1946,438000,1946
2001-01-16,1851,1881,1851,1874,233000,1874
2001-01-15,1780,1835,1780,1821,397000,1821
2001-01-12,1756,1797,1756,1780,257000,1780
2001-01-11,1850,1851,1785,1786,287000,1786
2001-01-10,1875,1894,1819,1850,127000,1850
2001-01-09,1874,1904,1874,1894,242000,1894
2001-01-05,1890,1929,1880,1904,161000,1904
2001-01-04,1871,1900,1871,1883,56000,1883
2000-12-29,1898,1928,1898,1900,58000,1900
2000-12-28,1945,1950,1928,1928,143000,1928
2000-12-27,1905,1940,1905,1928,291000,1928
2000-12-26,1818,1897,1818,1885,246000,1885
2000-12-25,1761,1829,1761,1819,162000,1819
2000-12-22,1790,1800,1769,1780,280000,1780
2000-12-21,1774,1829,1762,1790,439000,1790
2000-12-20,1702,1785,1695,1774,276000,1774
2000-12-19,1780,1790,1730,1732,424000,1732
2000-12-18,1849,1850,1810,1810,269000,1810
2000-12-15,1920,1940,1900,1900,542000,1900
2000-12-14,1861,1878,1844,1860,304000,1860
2000-12-13,1875,1950,1866,1920,462000,1920
2000-12-12,1837,1899,1807,1875,361000,1875
2000-12-11,1800,1840,1800,1830,147000,1830
2000-12-08,1730,1779,1730,1750,390000,1750
2000-12-07,1770,1790,1760,1790,143000,1790
2000-12-06,1797,1820,1780,1800,316000,1800
2000-12-05,1690,1725,1682,1710,176000,1710
2000-12-04,1690,1714,1681,1681,287000,1681
2000-12-01,1699,1758,1690,1690,212000,1690
2000-11-30,1780,1801,1722,1759,202000,1759
2000-11-29,1741,1810,1741,1765,197000,1765
2000-11-28,1821,1844,1780,1831,261000,1831
2000-11-27,1779,1817,1770,1811,382000,1811
2000-11-24,1626,1718,1626,1710,275000,1710
2000-11-22,1620,1689,1620,1656,379000,1656
2000-11-21,1570,1645,1570,1620,392000,1620
2000-11-20,1511,1620,1511,1600,341000,1600
2000-11-17,1487,1528,1465,1510,239000,1510
2000-11-16,1450,1520,1450,1517,317000,1517
2000-11-15,1500,1539,1450,1450,236000,1450
2000-11-14,1410,1485,1410,1485,360000,1485
2000-11-13,1380,1428,1350,1428,473000,1428
2000-11-10,1532,1555,1505,1509,367000,1509
2000-11-09,1580,1635,1570,1600,421000,1600
2000-11-08,1505,1615,1505,1597,240000,1597
2000-11-07,1550,1574,1545,1565,362000,1565
2000-11-06,1595,1620,1574,1620,324000,1620
2000-11-02,1489,1579,1475,1565,369000,1565
2000-11-01,1420,1498,1395,1490,362000,1490
2000-10-31,1419,1430,1400,1409,193000,1409
2000-10-30,1473,1484,1422,1422,199000,1422
2000-10-27,1485,1498,1472,1473,123000,1473
2000-10-26,1475,1497,1465,1480,159000,1480
2000-10-25,1520,1538,1500,1505,216000,1505
2000-10-24,1510,1540,1510,1530,130000,1530
2000-10-23,1548,1571,1530,1545,252000,1545
2000-10-20,1600,1620,1572,1578,230000,1578
2000-10-19,1440,1539,1440,1530,274000,1530
2000-10-18,1500,1500,1435,1440,592000,1440
2000-10-17,1610,1610,1555,1555,313000,1555
2000-10-16,1645,1690,1631,1631,340000,1631
2000-10-13,1590,1640,1590,1615,212000,1615
2000-10-12,1611,1661,1595,1620,622000,1620
2000-10-11,1695,1748,1665,1666,604000,1666
2000-10-10,1720,1780,1720,1753,230000,1753
2000-10-06,1725,1825,1725,1780,512000,1780
2000-10-05,1870,1898,1793,1815,717000,1815
2000-10-04,1900,1908,1848,1908,886000,1908
2000-10-03,2015,2030,1945,1956,477000,1956
2000-10-02,2045,2105,2020,2070,203000,2070
2000-09-29,2080,2165,2070,2145,196000,2145
2000-09-28,2045,2060,2020,2020,217000,2020
2000-09-27,2025,2050,1999,2025,297000,2025
2000-09-26,2145,2145,2025,2025,180000,2025
2000-09-25,2140,2175,2130,2145,216000,2145
2000-09-22,2105,2200,2085,2100,559000,2100
2000-09-21,2300,2300,2255,2295,118000,2295
2000-09-20,2250,2345,2250,2335,159000,2335
2000-09-19,2220,2250,2220,2250,168000,2250
2000-09-18,2295,2295,2255,2295,95000,2295
2000-09-14,2300,2300,2275,2290,149000,2290
2000-09-13,2275,2305,2275,2275,193000,2275
2000-09-12,2295,2340,2275,2275,506000,2275
2000-09-11,2305,2305,2250,2305,175000,2305
2000-09-08,2210,2310,2205,2310,529000,2310
2000-09-07,2120,2150,2085,2130,161000,2130
2000-09-06,2200,2200,2130,2150,230000,2150
2000-09-05,2245,2245,2155,2205,250000,2205
2000-09-04,2230,2230,2195,2215,154000,2215
2000-09-01,2260,2260,2200,2230,247000,2230
2000-08-31,2230,2285,2210,2245,194000,2245
2000-08-30,2290,2290,2210,2215,156000,2215
2000-08-29,2300,2310,2255,2290,245000,2290
2000-08-28,2335,2335,2295,2295,263000,2295
2000-08-25,2390,2390,2325,2335,380000,2335
2000-08-24,2400,2400,2340,2360,475000,2360
2000-08-23,2300,2445,2300,2410,1185000,2410
2000-08-22,2230,2270,2200,2270,258000,2270
2000-08-21,2240,2245,2220,2245,151000,2245
2000-08-18,2255,2255,2220,2250,285000,2250
2000-08-17,2255,2260,2215,2240,206000,2240
2000-08-16,2210,2255,2200,2255,301000,2255
2000-08-15,2175,2210,2165,2210,445000,2210
2000-08-14,2120,2145,2090,2145,240000,2145
2000-08-11,2035,2115,2025,2110,412000,2110
2000-08-10,2000,2035,2000,2035,212000,2035
2000-08-09,2000,2000,1980,2000,86000,2000
2000-08-08,2015,2015,1974,1994,212000,1994
2000-08-07,1980,2015,1960,1992,138000,1992
2000-08-04,2000,2000,1930,1950,406000,1950
2000-08-03,1999,2000,1980,1999,248000,1999
2000-08-02,2000,2010,1990,2000,207000,2000
2000-08-01,2020,2040,1970,2020,184000,2020
2000-07-31,2020,2095,1980,2015,433000,2015
2000-07-28,2070,2070,1990,2030,321000,2030
2000-07-27,2030,2070,2000,2070,333000,2070
2000-07-26,1990,2090,1980,2025,409000,2025
2000-07-25,1950,1960,1940,1945,426000,1945
2000-07-24,1980,1990,1950,1960,152000,1960
2000-07-21,2010,2030,1990,1990,498000,1990
2000-07-19,2010,2100,2010,2050,333000,2050
2000-07-18,2150,2150,2060,2090,818000,2090
2000-07-17,2215,2250,2165,2185,306000,2185
2000-07-14,2285,2295,2250,2290,182000,2290
2000-07-13,2185,2270,2180,2260,417000,2260
2000-07-12,2285,2285,2220,2265,232000,2265
2000-07-11,2325,2350,2270,2285,562000,2285
2000-07-10,2170,2390,2165,2325,1479000,2325
2000-07-07,2075,2140,2075,2130,681000,2130
2000-07-06,2100,2100,2060,2075,534000,2075
2000-07-05,2140,2155,2120,2135,291000,2135
2000-07-04,2125,2190,2110,2180,631000,2180
2000-07-03,2100,2200,2085,2085,998000,2085
2000-06-30,2075,2080,2045,2070,206000,2070
2000-06-29,2030,2090,2030,2090,295000,2090
2000-06-28,2000,2010,1995,2000,387000,2000
2000-06-27,2005,2030,2000,2030,141000,2030
2000-06-26,2030,2030,1990,2010,185000,2010
2000-06-23,2025,2070,1980,2010,344000,2010
2000-06-22,2040,2040,2010,2025,191000,2025
2000-06-21,2000,2045,2000,2020,173000,2020
2000-06-20,2030,2040,2000,2025,184000,2025
2000-06-19,2000,2090,2000,2060,283000,2060
2000-06-16,2000,2005,2000,2000,247000,2000
2000-06-15,2000,2025,2000,2000,149000,2000
2000-06-14,2000,2020,1996,2005,154000,2005
2000-06-13,2000,2020,1999,2000,175000,2000
2000-06-12,1985,2020,1982,2010,68000,2010
2000-06-09,2025,2030,1986,2025,314000,2025
2000-06-08,2015,2030,2000,2025,276000,2025
2000-06-07,1991,2015,1990,2015,139000,2015
2000-06-06,1985,2015,1980,1991,206000,1991
2000-06-05,2085,2090,2000,2030,277000,2030
2000-06-02,2070,2100,2070,2070,456000,2070
2000-06-01,2060,2070,2035,2060,464000,2060
2000-05-31,2095,2115,2070,2080,486000,2080
2000-05-30,2075,2120,2045,2070,601000,2070
2000-05-29,2020,2090,2000,2080,552000,2080
2000-05-26,1907,2030,1907,2030,565000,2030
2000-05-25,1921,1975,1921,1967,641000,1967
2000-05-24,1929,1930,1880,1899,417000,1899
2000-05-23,1954,1955,1912,1929,446000,1929
2000-05-22,1949,1980,1910,1955,591000,1955
2000-05-19,1955,1995,1940,1990,560000,1990
2000-05-18,1846,2000,1825,1999,1207000,1999
2000-05-17,1963,2020,1870,1870,1210000,1870
2000-05-16,1940,1960,1903,1903,486000,1903
2000-05-15,1900,1920,1900,1915,259000,1915
2000-05-12,1900,1910,1830,1870,449000,1870
2000-05-11,1800,1878,1770,1860,386000,1860
2000-05-10,1770,1920,1751,1900,1167000,1900
2000-05-09,1762,1800,1735,1800,154000,1800
2000-05-08,1779,1786,1759,1779,191000,1779
2000-05-02,1775,1775,1750,1768,231000,1768
2000-05-01,1700,1770,1700,1769,421000,1769
2000-04-28,1715,1735,1680,1680,306000,1680
2000-04-27,1700,1719,1675,1695,410000,1695
2000-04-26,1680,1735,1675,1735,796000,1735
2000-04-25,1636,1668,1612,1650,589000,1650
2000-04-24,1593,1643,1571,1631,1143000,1631
2000-04-21,1543,1569,1530,1540,390000,1540
2000-04-20,1461,1543,1461,1543,551000,1543
2000-04-19,1411,1500,1411,1460,265000,1460
2000-04-18,1447,1447,1380,1390,226000,1390
2000-04-17,1331,1361,1303,1347,259000,1347
2000-04-14,1465,1480,1451,1471,69000,1471
2000-04-13,1500,1500,1477,1500,267000,1500
2000-04-12,1520,1530,1494,1500,431000,1500
2000-04-11,1477,1520,1470,1515,339000,1515
2000-04-10,1455,1480,1450,1465,234000,1465
2000-04-07,1437,1444,1433,1435,360000,1435
2000-04-06,1467,1479,1415,1436,419000,1436
2000-04-05,1474,1490,1449,1467,521000,1467
2000-04-04,1431,1489,1425,1455,721000,1455
2000-04-03,1349,1399,1332,1396,336000,1396
2000-03-31,1345,1345,1321,1329,220000,1329
2000-03-30,1370,1380,1341,1345,295000,1345
2000-03-29,1349,1390,1345,1380,167000,1380
2000-03-28,1340,1352,1338,1342,126000,1342
2000-03-27,1350,1360,1338,1338,167000,1338
2000-03-24,1375,1399,1340,1350,192000,1350
2000-03-23,1403,1403,1370,1395,150000,1395
2000-03-22,1387,1404,1370,1400,140000,1400
2000-03-21,1335,1368,1326,1367,349000,1367
2000-03-17,1332,1337,1290,1315,230000,1315
2000-03-16,1269,1312,1260,1312,349000,1312
2000-03-15,1246,1263,1236,1260,383000,1260
2000-03-14,1214,1251,1205,1240,167000,1240
2000-03-13,1270,1279,1184,1205,395000,1205
2000-03-10,1261,1280,1255,1280,441000,1280
2000-03-09,1330,1350,1301,1301,295000,1301
2000-03-08,1388,1388,1331,1331,272000,1331
2000-03-07,1395,1410,1390,1395,221000,1395
2000-03-06,1419,1419,1394,1397,121000,1397
2000-03-03,1391,1400,1390,1395,118000,1395
2000-03-02,1419,1428,1400,1400,193000,1400
2000-03-01,1420,1421,1410,1415,250000,1415
2000-02-29,1400,1421,1400,1420,239000,1420
2000-02-28,1464,1464,1390,1390,290000,1390
2000-02-25,1420,1468,1420,1445,344000,1445
2000-02-24,1440,1445,1420,1430,166000,1430
2000-02-23,1405,1425,1401,1420,366000,1420
2000-02-22,1440,1450,1400,1407,168000,1407
2000-02-21,1402,1430,1395,1417,408000,1417
2000-02-18,1380,1394,1360,1382,353000,1382
2000-02-17,1381,1420,1381,1397,216000,1397
2000-02-16,1401,1406,1360,1380,293000,1380
2000-02-15,1398,1437,1397,1406,281000,1406
2000-02-14,1476,1476,1370,1395,337000,1395
2000-02-10,1435,1460,1416,1416,502000,1416
2000-02-09,1422,1441,1411,1418,263000,1418
2000-02-08,1470,1490,1420,1420,403000,1420
2000-02-07,1480,1496,1420,1449,482000,1449
2000-02-04,1550,1555,1503,1510,587000,1510
2000-02-03,1549,1580,1531,1550,453000,1550
2000-02-02,1490,1550,1445,1529,344000,1529
2000-02-01,1490,1490,1430,1430,267000,1430
2000-01-31,1456,1456,1420,1445,274000,1445
2000-01-28,1500,1530,1444,1451,304000,1451
2000-01-27,1535,1550,1520,1525,338000,1525
2000-01-26,1499,1530,1499,1520,345000,1520
2000-01-25,1480,1500,1460,1481,153000,1481
2000-01-24,1537,1537,1480,1481,225000,1481
2000-01-21,1548,1551,1475,1507,596000,1507
2000-01-20,1431,1500,1402,1461,369000,1461
2000-01-19,1450,1450,1385,1411,394000,1411
2000-01-18,1480,1500,1430,1450,616000,1450
2000-01-17,1435,1490,1399,1472,489000,1472
2000-01-14,1399,1448,1350,1356,815000,1356
2000-01-13,1215,1260,1205,1259,554000,1259
2000-01-12,1190,1228,1171,1215,617000,1215
2000-01-11,1250,1250,1165,1190,451000,1190
2000-01-07,1295,1300,1265,1270,303000,1270
2000-01-06,1387,1387,1294,1295,141000,1295
2000-01-05,1338,1350,1306,1309,103000,1309
2000-01-04,1381,1390,1338,1340,129000,1340
