2017-01-27,280,280,272,274,57800,274
2017-01-26,270,278,270,278,102000,278
2017-01-25,274,274,266,269,93900,269
2017-01-24,273,273,268,271,37500,271
2017-01-23,271,275,268,273,89600,273
2017-01-20,271,273,270,272,49800,272
2017-01-19,278,279,272,274,54400,274
2017-01-18,269,276,269,274,37500,274
2017-01-17,275,275,269,270,59700,270
2017-01-16,279,279,271,272,92300,272
2017-01-13,283,284,270,279,253800,279
2017-01-12,293,293,280,287,143000,287
2017-01-11,296,298,293,294,106300,294
2017-01-10,293,295,292,295,55400,295
2017-01-06,291,294,290,294,82400,294
2017-01-05,293,293,290,293,45600,293
2017-01-04,291,294,289,293,75700,293
2016-12-30,292,292,286,289,46900,289
2016-12-29,292,293,285,292,102500,292
2016-12-28,290,295,288,292,85300,292
2016-12-27,285,292,284,290,94500,290
2016-12-26,289,289,284,287,89300,287
2016-12-22,287,290,285,290,49900,290
2016-12-21,292,292,285,290,78700,290
2016-12-20,288,293,288,293,87100,293
2016-12-19,289,289,286,288,52300,288
2016-12-16,291,293,287,290,88000,290
2016-12-15,288,297,288,291,142000,291
2016-12-14,287,288,285,288,64800,288
2016-12-13,286,288,283,288,95500,288
2016-12-12,285,285,283,285,142000,285
2016-12-09,275,279,274,279,140900,279
2016-12-08,271,273,269,273,96900,273
2016-12-07,268,270,267,269,106300,269
2016-12-06,260,269,260,266,151000,266
2016-12-05,258,262,256,260,74800,260
2016-12-02,262,263,259,260,50900,260
2016-12-01,266,266,262,264,130900,264
2016-11-30,266,268,263,266,114300,266
2016-11-29,260,266,259,266,178100,266
2016-11-28,251,262,251,261,185300,261
2016-11-25,250,251,247,250,156500,250
2016-11-24,247,250,246,248,111000,248
2016-11-22,241,248,241,247,120600,247
2016-11-21,241,243,241,241,52200,241
2016-11-18,242,244,240,242,49900,242
2016-11-17,235,243,234,242,96000,242
2016-11-16,237,237,234,237,43700,237
2016-11-15,238,239,235,236,32000,236
2016-11-14,239,240,237,239,49900,239
2016-11-11,237,239,235,236,43100,236
2016-11-10,237,240,236,236,62500,236
2016-11-09,236,240,228,229,145200,229
2016-11-08,235,240,232,236,58300,236
2016-11-07,235,240,234,234,40900,234
2016-11-04,233,234,231,234,30200,234
2016-11-02,237,238,231,235,62500,235
2016-11-01,240,240,233,238,86100,238
2016-10-31,237,240,234,239,81000,239
2016-10-28,236,240,233,237,125800,237
2016-10-27,235,237,234,236,71700,236
2016-10-26,231,234,230,234,78200,234
2016-10-25,232,232,229,231,39200,231
2016-10-24,230,230,228,229,39800,229
2016-10-21,230,231,229,230,27800,230
2016-10-20,230,232,229,229,50600,229
2016-10-19,230,230,229,230,29600,230
2016-10-18,230,230,226,230,37400,230
2016-10-17,230,231,227,230,68100,230
2016-10-14,233,234,230,231,61200,231
2016-10-13,236,237,232,232,73500,232
2016-10-12,235,239,232,236,318600,236
2016-10-11,226,232,225,230,234600,230
2016-10-07,223,224,222,224,44000,224
2016-10-06,223,223,221,222,43700,222
2016-10-05,222,223,221,221,37500,221
2016-10-04,221,222,220,221,48300,221
2016-10-03,221,222,220,220,55400,220
2016-09-30,221,222,218,220,68200,220
2016-09-29,220,222,220,221,51800,221
2016-09-28,220,221,219,220,70500,220
2016-09-27,219,221,217,220,83200,220
2016-09-26,220,221,218,220,69500,220
2016-09-23,217,221,216,220,88800,220
2016-09-21,217,218,213,217,126900,217
2016-09-20,218,218,216,216,112800,216
2016-09-16,218,220,217,220,112000,220
2016-09-15,220,221,216,216,134800,216
2016-09-14,221,223,220,221,72200,221
2016-09-13,222,224,221,221,87700,221
2016-09-12,222,224,222,222,77500,222
2016-09-09,224,227,224,226,74500,226
2016-09-08,227,227,226,226,57000,226
2016-09-07,230,230,222,226,257100,226
2016-09-06,228,230,226,230,51200,230
2016-09-05,229,229,226,227,56800,227
2016-09-02,229,229,226,228,53200,228
2016-09-01,231,231,227,229,70700,229
2016-08-31,230,232,225,231,92900,231
2016-08-30,231,231,226,228,142900,228
2016-08-29,237,238,231,232,732200,232
2016-08-26,242,243,240,242,816500,242
2016-08-25,240,241,238,241,240200,241
2016-08-24,238,240,237,238,119300,238
2016-08-23,238,240,238,238,129700,238
2016-08-22,237,241,237,240,277900,240
2016-08-19,237,238,236,237,55700,237
2016-08-18,236,238,236,238,115600,238
2016-08-17,238,239,236,237,106500,237
2016-08-16,240,242,238,238,203800,238
2016-08-15,240,243,239,241,55600,241
2016-08-12,238,240,238,240,43200,240
2016-08-10,239,240,238,238,57800,238
2016-08-09,240,241,239,240,47000,240
2016-08-08,247,247,239,240,167200,240
2016-08-05,239,239,236,239,83200,239
2016-08-04,234,237,232,236,115400,236
2016-08-03,235,238,233,236,132500,236
2016-08-02,238,241,235,236,160100,236
2016-08-01,241,241,238,241,80900,241
2016-07-29,239,244,237,242,162500,242
2016-07-28,243,243,239,240,88900,240
2016-07-27,245,245,243,243,42300,243
2016-07-26,247,247,241,243,57600,243
2016-07-25,243,246,241,245,58900,245
2016-07-22,242,242,238,240,47400,240
2016-07-21,242,242,236,242,82100,242
2016-07-20,238,241,238,240,38500,240
2016-07-19,240,242,237,240,84700,240
2016-07-15,244,245,241,241,54000,241
2016-07-14,246,246,242,243,48700,243
2016-07-13,247,248,243,245,59000,245
2016-07-12,251,251,241,247,148500,247
2016-07-11,245,246,242,244,57500,244
2016-07-08,246,248,238,238,88100,238
2016-07-07,243,248,241,246,62500,246
2016-07-06,241,243,238,242,52900,242
2016-07-05,240,243,239,241,24800,241
2016-07-04,242,243,239,241,59800,241
2016-07-01,242,242,239,241,52100,241
2016-06-30,240,242,238,238,46100,238
2016-06-29,236,239,234,239,47400,239
2016-06-28,233,236,231,235,41300,235
2016-06-27,231,235,230,233,70400,233
2016-06-24,237,238,221,228,159100,228
2016-06-23,238,238,233,237,42600,237
2016-06-22,237,238,232,236,107100,236
2016-06-21,236,238,235,238,29900,238
2016-06-20,236,239,236,237,26000,237
2016-06-17,232,235,230,234,93700,234
2016-06-16,235,237,231,232,66700,232
2016-06-15,233,238,232,234,41100,234
2016-06-14,238,245,233,233,71100,233
2016-06-13,233,246,232,237,148300,237
2016-06-10,233,235,232,233,73700,233
2016-06-09,233,235,233,235,40800,235
2016-06-08,237,237,230,233,200500,233
2016-06-07,242,242,237,237,134600,237
2016-06-06,241,244,240,243,32500,243
2016-06-03,245,246,243,244,31000,244
2016-06-02,248,248,244,244,47400,244
2016-06-01,247,248,245,246,39000,246
2016-05-31,246,248,243,248,65200,248
2016-05-30,243,246,242,246,39200,246
2016-05-27,242,243,240,241,35800,241
2016-05-26,246,246,240,242,80200,242
2016-05-25,244,244,242,244,20300,244
2016-05-24,237,242,236,240,37000,240
2016-05-23,240,241,235,238,46000,238
2016-05-20,236,240,235,240,47900,240
2016-05-19,238,239,236,236,71600,236
2016-05-18,239,241,237,239,57400,239
2016-05-17,241,242,238,240,58600,240
2016-05-16,243,243,239,241,76700,241
2016-05-13,244,244,241,242,60000,242
2016-05-12,243,244,243,244,54000,244
2016-05-11,247,249,244,245,58300,245
2016-05-10,243,249,243,247,61900,247
2016-05-09,247,247,243,243,68300,243
2016-05-06,250,251,243,247,87500,247
2016-05-02,258,259,250,250,117800,250
2016-04-28,261,270,261,262,135600,262
2016-04-27,256,262,255,260,97400,260
2016-04-26,255,255,252,255,38700,255
2016-04-25,259,259,254,255,61200,255
2016-04-22,251,257,251,256,59200,256
2016-04-21,256,256,251,253,71400,253
2016-04-20,258,258,250,252,62000,252
2016-04-19,254,255,251,254,30100,254
2016-04-18,255,255,250,252,63300,252
2016-04-15,248,259,247,259,111100,259
2016-04-14,250,253,248,249,93200,249
2016-04-13,245,255,245,249,101500,249
2016-04-12,247,257,240,243,237800,243
2016-04-11,239,241,236,239,29300,239
2016-04-08,231,240,231,238,71500,238
2016-04-07,231,235,231,231,30800,231
2016-04-06,233,234,230,231,45700,231
2016-04-05,237,239,234,235,48300,235
2016-04-04,236,240,235,237,33900,237
2016-04-01,244,244,237,237,57300,237
2016-03-31,242,246,241,242,49900,242
2016-03-30,243,246,241,241,35200,241
2016-03-29,240,243,240,243,24700,243
2016-03-28,242,242,237,240,50800,240
2016-03-25,242,243,237,239,35800,239
2016-03-24,238,244,238,239,32100,239
2016-03-23,240,245,240,241,51800,241
2016-03-22,238,239,235,238,80100,238
2016-03-18,232,234,228,230,82800,230
2016-03-17,238,239,231,232,99500,232
2016-03-16,240,241,233,234,65500,234
2016-03-15,241,243,238,240,43100,240
2016-03-14,240,244,239,242,42800,242
2016-03-11,230,238,230,238,68600,238
2016-03-10,234,236,233,234,62900,234
2016-03-09,232,234,230,232,76900,232
2016-03-08,237,239,229,232,65100,232
2016-03-07,239,241,236,238,37600,238
2016-03-04,235,239,234,235,88800,235
2016-03-03,224,235,224,235,142100,235
2016-03-02,225,230,222,223,211800,223
2016-03-01,230,232,223,223,179500,223
2016-02-29,239,239,230,231,108000,231
2016-02-26,240,240,229,235,115000,235
2016-02-25,229,232,225,227,75500,227
2016-02-24,226,226,222,224,165200,224
2016-02-23,230,234,227,229,322600,229
2016-02-22,225,229,225,228,43900,228
2016-02-19,227,228,224,226,42600,226
2016-02-18,231,234,227,227,54300,227
2016-02-17,231,235,222,225,88100,225
2016-02-16,225,239,224,235,71500,235
2016-02-15,226,228,220,227,86100,227
2016-02-12,233,233,217,218,150100,218
2016-02-10,246,249,239,239,79100,239
2016-02-09,251,252,246,246,74600,246
2016-02-08,247,266,246,262,81400,262
2016-02-05,257,257,252,253,47700,253
2016-02-04,261,264,260,261,36100,261
2016-02-03,269,271,262,263,48600,263
2016-02-02,271,275,270,270,36900,270
2016-02-01,277,277,269,273,64800,273
2016-01-29,262,275,257,275,133200,275
2016-01-28,256,263,256,261,76000,261
2016-01-27,261,261,254,255,76900,255
2016-01-26,261,262,257,262,64800,262
2016-01-25,259,260,252,260,54800,260
2016-01-22,238,253,238,252,61100,252
2016-01-21,245,248,234,234,146600,234
2016-01-20,253,256,249,249,84900,249
2016-01-19,252,260,252,256,53700,256
2016-01-18,250,253,248,252,59900,252
2016-01-15,251,257,251,255,143800,255
2016-01-14,257,257,242,246,232900,246
2016-01-13,261,262,258,259,138400,259
2016-01-12,265,267,261,261,101800,261
2016-01-08,270,271,268,268,80800,268
2016-01-07,272,273,270,271,79900,271
2016-01-06,274,275,272,272,65000,272
2016-01-05,272,276,272,273,62900,273
2016-01-04,277,277,273,274,62900,274
2015-12-30,275,281,275,278,90800,278
2015-12-29,275,278,274,277,60000,277
2015-12-28,273,276,271,274,86600,274
2015-12-25,274,276,271,271,162700,271
2015-12-24,276,277,273,276,163800,276
2015-12-22,274,276,273,275,62700,275
2015-12-21,273,277,272,275,101700,275
2015-12-18,272,276,272,274,87400,274
2015-12-17,277,277,272,274,178600,274
2015-12-16,278,278,272,273,118100,273
2015-12-15,276,280,276,276,64000,276
2015-12-14,282,282,276,278,133600,278
2015-12-11,280,286,280,283,106200,283
2015-12-10,288,290,283,283,91300,283
2015-12-09,291,293,288,289,75400,289
2015-12-08,300,300,292,293,100200,293
2015-12-07,301,302,299,299,58500,299
2015-12-04,300,304,298,299,72500,299
2015-12-03,305,308,304,306,55200,306
2015-12-02,307,309,305,308,53800,308
2015-12-01,299,306,299,305,50000,305
2015-11-30,303,304,295,299,120200,299
2015-11-27,315,316,299,301,130700,301
2015-11-26,308,314,308,312,96700,312
2015-11-25,305,307,303,306,85100,306
2015-11-24,296,303,296,303,121700,303
2015-11-20,296,297,294,296,87100,296
2015-11-19,288,297,287,297,187700,297
2015-11-18,287,287,285,286,51000,286
2015-11-17,288,288,283,288,41500,288
2015-11-16,286,286,284,285,27000,285
2015-11-13,286,287,285,287,40900,287
2015-11-12,290,290,287,288,46700,288
2015-11-11,285,291,285,290,68700,290
2015-11-10,288,289,286,288,59900,288
2015-11-09,290,291,286,288,78400,288
2015-11-06,278,286,278,286,101000,286
2015-11-05,276,277,274,276,63300,276
2015-11-04,281,282,272,272,204400,272
2015-11-02,285,285,281,281,74000,281
2015-10-30,282,285,282,284,76500,284
2015-10-29,283,283,281,282,40700,282
2015-10-28,282,283,281,283,44600,283
2015-10-27,284,284,282,282,59400,282
2015-10-26,282,284,282,283,54900,283
2015-10-23,284,284,281,282,43300,282
2015-10-22,284,284,281,282,41700,282
2015-10-21,281,284,281,284,57400,284
2015-10-20,281,282,279,280,52600,280
2015-10-19,281,282,280,280,105600,280
2015-10-16,285,285,281,282,142600,282
2015-10-15,287,287,283,284,75300,284
2015-10-14,285,288,282,287,69100,287
2015-10-13,285,289,283,287,152000,287
2015-10-09,282,288,281,288,117100,288
2015-10-08,286,286,281,282,156900,282
2015-10-07,285,288,285,287,153800,287
2015-10-06,290,296,289,290,435100,290
2015-10-05,305,306,303,303,37300,303
2015-10-02,305,309,300,305,49900,305
2015-10-01,303,311,302,303,60100,303
2015-09-30,300,306,299,303,51300,303
2015-09-29,303,303,298,298,45200,298
2015-09-28,304,308,302,305,25200,305
2015-09-25,301,302,296,300,66500,300
2015-09-24,299,306,298,299,57900,299
2015-09-18,302,304,301,302,41400,302
2015-09-17,310,310,303,306,47200,306
2015-09-16,312,314,305,310,41900,310
2015-09-15,310,314,308,310,41100,310
2015-09-14,310,312,305,305,45700,305
2015-09-11,298,308,298,304,86100,304
2015-09-10,299,305,295,300,81400,300
2015-09-09,300,310,297,305,85600,305
2015-09-08,300,303,292,292,68600,292
2015-09-07,299,305,298,301,80900,301
2015-09-04,310,311,301,302,73200,302
2015-09-03,315,320,304,306,139700,306
2015-09-02,318,326,315,315,93000,315
2015-09-01,345,345,323,325,190700,325
2015-08-31,355,355,345,350,105000,350
2015-08-28,350,356,345,356,132900,356
2015-08-27,349,354,341,342,507500,342
2015-08-26,349,358,348,351,1025400,351
2015-08-25,341,362,329,342,293400,342
2015-08-24,356,365,350,353,296900,353
2015-08-21,371,371,361,361,167700,361
2015-08-20,380,383,376,376,147100,376
2015-08-19,386,386,381,382,60000,382
2015-08-18,385,390,383,386,63600,386
2015-08-17,385,389,383,384,68800,384
2015-08-14,383,385,381,382,72800,382
2015-08-13,387,390,380,383,64000,383
2015-08-12,389,391,385,387,84800,387
2015-08-11,398,398,387,389,100700,389
2015-08-10,384,389,383,388,72700,388
2015-08-07,395,398,378,382,225300,382
2015-08-06,393,400,393,397,152000,397
2015-08-05,398,399,388,393,163700,393
2015-08-04,400,403,395,397,148000,397
2015-08-03,408,410,397,401,209300,401
2015-07-31,415,416,401,411,200500,411
2015-07-30,415,420,414,418,117600,418
2015-07-29,411,415,408,415,79400,415
2015-07-28,406,414,402,407,182300,407
2015-07-27,410,417,406,413,117900,413
2015-07-24,417,417,403,408,305700,408
2015-07-23,393,426,392,417,513500,417
2015-07-22,390,391,385,388,116400,388
2015-07-21,383,392,383,391,101400,391
2015-07-17,384,384,380,382,35200,382
2015-07-16,385,385,381,383,52500,383
2015-07-15,388,388,382,385,85400,385
2015-07-14,387,390,381,385,79100,385
2015-07-13,368,385,368,383,69500,383
2015-07-10,368,374,360,366,188200,366
2015-07-09,371,373,352,370,143600,370
2015-07-08,386,388,376,376,126500,376
2015-07-07,385,390,384,385,121800,385
2015-07-06,390,393,379,379,131600,379
2015-07-03,391,391,377,391,207800,391
2015-07-02,385,391,384,388,240200,388
2015-07-01,381,387,378,382,169300,382
2015-06-30,376,381,371,379,167300,379
2015-06-29,370,378,369,373,104200,373
2015-06-26,382,383,370,376,131100,376
2015-06-25,379,383,378,379,150700,379
2015-06-24,380,383,378,383,151300,383
2015-06-23,369,384,368,378,121100,378
2015-06-22,368,370,366,370,71100,370
2015-06-19,359,366,359,365,87600,365
2015-06-18,360,360,353,359,84700,359
2015-06-17,363,368,352,360,110100,360
2015-06-16,373,376,363,363,99800,363
2015-06-15,376,378,371,376,91900,376
2015-06-12,380,381,376,376,102200,376
2015-06-11,374,388,371,383,137600,383
2015-06-10,379,379,361,369,192700,369
2015-06-09,386,389,377,379,177900,379
2015-06-08,375,392,374,389,232700,389
2015-06-05,363,374,362,374,125500,374
2015-06-04,360,364,356,363,113800,363
2015-06-03,361,361,353,356,58200,356
2015-06-02,360,363,358,362,103000,362
2015-06-01,357,360,355,358,72300,358
2015-05-29,346,357,346,357,128900,357
2015-05-28,354,354,343,347,105300,347
2015-05-27,341,351,339,351,124800,351
2015-05-26,336,340,335,339,101700,339
2015-05-25,333,337,331,336,92600,336
2015-05-22,329,332,329,330,40900,330
2015-05-21,335,336,327,327,106300,327
2015-05-20,330,333,328,330,123700,330
2015-05-19,327,330,326,328,55200,328
2015-05-18,324,327,324,326,42400,326
2015-05-15,325,327,324,324,47700,324
2015-05-14,329,330,325,325,73500,325
2015-05-13,326,328,326,328,31100,328
2015-05-12,324,327,324,326,33700,326
2015-05-11,329,332,325,325,79500,325
2015-05-08,326,328,324,326,82100,326
2015-05-07,321,325,320,321,61500,321
2015-05-01,321,323,320,321,77600,321
2015-04-30,326,328,323,325,77300,325
2015-04-28,325,330,324,325,80500,325
2015-04-27,326,331,324,325,77000,325
2015-04-24,325,328,321,322,128000,322
2015-04-23,325,327,324,326,54600,326
2015-04-22,327,329,323,323,85600,323
2015-04-21,333,335,325,325,94700,325
2015-04-20,337,341,326,329,169800,329
2015-04-17,339,344,335,337,122400,337
2015-04-16,333,339,331,339,121600,339
2015-04-15,327,331,326,329,107800,329
2015-04-14,328,328,325,326,44600,326
2015-04-13,329,329,324,326,57200,326
2015-04-10,330,330,324,329,94600,329
2015-04-09,331,333,324,324,93200,324
2015-04-08,323,327,323,324,99600,324
2015-04-07,332,332,323,324,174500,324
2015-04-06,326,333,325,328,333800,328
2015-04-03,350,354,347,351,85100,351
2015-04-02,332,347,332,346,100900,346
2015-04-01,333,335,330,332,68000,332
2015-03-31,340,342,333,335,55000,335
2015-03-30,333,338,333,335,35700,335
2015-03-27,333,338,333,333,49700,333
2015-03-26,336,336,333,334,44700,334
2015-03-25,336,339,335,336,48600,336
2015-03-24,337,339,335,336,35200,336
2015-03-23,337,338,335,337,33400,337
2015-03-20,336,337,333,335,37200,335
2015-03-19,335,337,335,336,28400,336
2015-03-18,335,337,333,335,40500,335
2015-03-17,339,342,334,336,51400,336
2015-03-16,340,340,332,340,58900,340
2015-03-13,338,342,333,338,183600,338
2015-03-12,344,346,340,343,48800,343
2015-03-11,340,348,339,344,55900,344
2015-03-10,349,351,343,344,71000,344
2015-03-09,351,352,348,350,45000,350
2015-03-06,352,355,351,354,37100,354
2015-03-05,354,356,352,353,50700,353
2015-03-04,354,359,352,355,80200,355
2015-03-03,357,358,350,354,47800,354
2015-03-02,355,360,355,355,74600,355
2015-02-27,361,361,350,353,122400,353
2015-02-26,351,361,348,360,238600,360
2015-02-25,349,350,346,349,64100,349
2015-02-24,345,354,345,346,89500,346
2015-02-23,344,347,344,345,84300,345
2015-02-20,355,356,342,344,171700,344
2015-02-19,350,358,350,355,143400,355
2015-02-18,342,353,340,349,302200,349
2015-02-17,333,342,332,340,163900,340
2015-02-16,329,336,328,332,99000,332
2015-02-13,325,329,324,328,105800,328
2015-02-12,322,327,321,323,95000,323
2015-02-10,321,324,320,322,63300,322
2015-02-09,319,320,314,317,76600,317
2015-02-06,317,317,311,313,56300,313
2015-02-05,319,320,311,313,70700,313
2015-02-04,310,317,310,314,55200,314
2015-02-03,313,315,309,310,53000,310
2015-02-02,315,315,312,314,39300,314
2015-01-30,320,320,313,315,47600,315
2015-01-29,308,330,307,320,303300,320
2015-01-28,300,312,300,308,150300,308
2015-01-27,300,306,300,303,119400,303
2015-01-26,297,299,295,298,46000,298
2015-01-23,294,295,291,295,26000,295
2015-01-22,295,295,290,294,36400,294
2015-01-21,294,296,293,294,72800,294
2015-01-20,293,293,291,293,24900,293
2015-01-19,288,292,287,289,43500,289
2015-01-16,288,288,284,286,85800,286
2015-01-15,288,290,288,290,39000,290
2015-01-14,293,295,286,288,91400,288
2015-01-13,292,293,290,292,59500,292
2015-01-09,297,297,290,292,69700,292
2015-01-08,299,299,297,298,24900,298
2015-01-07,295,299,295,298,47700,298
2015-01-06,299,299,296,296,88600,296
2015-01-05,298,301,296,299,81100,299
2014-12-30,297,298,295,296,25700,296
2014-12-29,295,297,293,297,42900,297
2014-12-26,290,294,289,294,42600,294
2014-12-25,290,290,289,290,68900,290
2014-12-24,288,292,287,290,118300,290
2014-12-22,287,289,287,288,58600,288
2014-12-19,288,289,286,289,72100,289
2014-12-18,287,288,286,288,55200,288
2014-12-17,285,287,284,284,63000,284
2014-12-16,290,290,284,285,65600,285
2014-12-15,296,296,289,290,67000,290
2014-12-12,290,292,288,288,78600,288
2014-12-11,294,295,280,290,166700,290
2014-12-10,296,297,294,295,56600,295
2014-12-09,300,300,297,297,35100,297
2014-12-08,300,300,299,300,33500,300
2014-12-05,302,302,299,302,52500,302
2014-12-04,301,302,297,301,48300,301
2014-12-03,301,302,300,302,72000,302
2014-12-02,299,301,299,299,31400,299
2014-12-01,298,301,296,301,82900,301
2014-11-28,296,297,295,297,23400,297
2014-11-27,296,298,295,295,53100,295
2014-11-26,295,298,295,296,53900,296
2014-11-25,298,298,295,296,45000,296
2014-11-21,294,296,294,295,36500,295
2014-11-20,294,296,293,294,37500,294
2014-11-19,299,299,293,294,52200,294
2014-11-18,294,298,294,298,55000,298
2014-11-17,297,298,294,294,45700,294
2014-11-14,300,300,297,299,46900,299
2014-11-13,294,298,293,298,73200,298
2014-11-12,300,300,296,296,48200,296
2014-11-11,298,299,296,298,69200,298
2014-11-10,295,299,290,295,83300,295
2014-11-07,296,296,294,295,43200,295
2014-11-06,295,298,294,296,57600,296
2014-11-05,298,301,294,295,121200,295
2014-11-04,309,309,297,299,140400,299
2014-10-31,297,305,297,303,89000,303
2014-10-30,300,301,297,297,55100,297
2014-10-29,298,301,295,300,57700,300
2014-10-28,296,299,296,298,28600,298
2014-10-27,300,300,296,298,50200,298
2014-10-24,300,302,297,299,51400,299
2014-10-23,296,298,296,296,28900,296
2014-10-22,295,298,291,298,64100,298
2014-10-21,295,295,288,290,60500,290
2014-10-20,292,297,289,292,76500,292
2014-10-17,290,291,287,288,67300,288
2014-10-16,292,294,289,289,110000,289
2014-10-15,297,300,296,299,55400,299
2014-10-14,301,303,297,297,147200,297
2014-10-10,305,310,303,304,165900,304
2014-10-09,319,321,318,319,60900,319
2014-10-08,314,318,312,315,62400,315
2014-10-07,317,321,314,315,170600,315
2014-10-06,311,314,310,313,67600,313
2014-10-03,304,312,304,310,91200,310
2014-10-02,311,311,308,308,105200,308
2014-10-01,308,312,308,311,104600,311
2014-09-30,306,308,306,307,67500,307
2014-09-29,306,307,305,307,87500,307
2014-09-26,311,314,302,305,322500,305
2014-09-25,317,318,315,316,81300,316
2014-09-24,319,321,315,316,179600,316
2014-09-22,322,323,317,319,56300,319
2014-09-19,324,324,319,324,68200,324
2014-09-18,320,324,318,322,121800,322
2014-09-17,320,322,316,318,152200,318
2014-09-16,318,323,318,323,69200,323
2014-09-12,316,320,315,318,95200,318
2014-09-11,318,318,315,316,66300,316
2014-09-10,317,317,314,317,27800,317
2014-09-09,315,317,313,316,80500,316
2014-09-08,311,314,310,313,47300,313
2014-09-05,312,314,311,311,45200,311
2014-09-04,314,315,311,312,139200,312
2014-09-03,317,319,314,316,119500,316
2014-09-02,319,321,317,318,71300,318
2014-09-01,321,321,318,320,48600,320
2014-08-29,321,321,319,321,60100,321
2014-08-28,323,323,318,323,102900,323
2014-08-27,319,326,316,323,520100,323
2014-08-26,320,327,320,323,1136900,323
2014-08-25,328,328,325,325,212300,325
2014-08-22,325,327,322,324,199900,324
2014-08-21,322,322,320,322,77600,322
2014-08-20,319,322,318,322,175500,322
2014-08-19,320,320,317,318,84100,318
2014-08-18,319,320,317,320,67300,320
2014-08-15,318,319,316,318,56500,318
2014-08-14,318,319,317,319,58100,319
2014-08-13,318,318,316,317,48700,317
2014-08-12,320,321,319,319,42100,319
2014-08-11,320,323,317,323,59000,323
2014-08-08,317,318,314,314,96200,314
2014-08-07,315,319,315,317,81300,317
2014-08-06,318,318,314,315,95900,315
2014-08-05,318,320,317,317,71000,317
2014-08-04,320,321,317,318,47200,318
2014-08-01,321,322,320,320,61400,320
2014-07-31,325,325,321,322,96400,322
2014-07-30,320,325,320,324,127100,324
2014-07-29,318,320,317,320,93000,320
2014-07-28,319,319,316,318,75400,318
2014-07-25,316,317,314,317,81100,317
2014-07-24,312,317,312,317,111800,317
2014-07-23,315,315,311,313,61500,313
2014-07-22,312,314,311,314,94000,314
2014-07-18,312,312,310,312,93600,312
2014-07-17,314,314,311,312,123700,312
2014-07-16,314,314,311,313,105500,313
2014-07-15,311,313,310,312,102400,312
2014-07-14,312,313,309,310,66400,310
2014-07-11,315,316,311,312,180000,312
2014-07-10,314,314,311,311,79700,311
2014-07-09,313,313,311,313,47500,313
2014-07-08,317,317,313,313,34300,313
2014-07-07,313,318,312,316,61600,316
2014-07-04,313,313,311,312,62200,312
2014-07-03,312,313,311,312,57300,312
2014-07-02,312,313,310,313,48600,313
2014-07-01,313,313,310,310,73200,310
2014-06-30,307,312,307,311,50800,311
2014-06-27,311,311,305,307,87600,307
2014-06-26,311,314,306,308,175300,308
2014-06-25,319,319,309,313,211800,313
2014-06-24,314,317,313,317,57700,317
2014-06-23,318,318,315,315,38100,315
2014-06-20,318,318,314,316,43000,316
2014-06-19,320,320,316,318,96100,318
2014-06-18,317,317,313,317,82600,317
2014-06-17,314,315,313,314,58900,314
2014-06-16,316,317,314,314,33100,314
2014-06-13,313,316,312,315,94300,315
2014-06-12,315,318,312,314,52800,314
2014-06-11,315,315,312,314,59300,314
2014-06-10,315,317,314,315,52000,315
2014-06-09,317,320,312,313,71000,313
2014-06-06,313,319,312,317,76300,317
2014-06-05,317,317,311,313,113100,313
2014-06-04,319,320,313,317,108800,317
2014-06-03,322,322,317,319,47800,319
2014-06-02,314,321,314,321,58300,321
2014-05-30,320,320,310,313,236400,313
2014-05-29,318,320,317,319,56300,319
2014-05-28,319,320,317,319,105400,319
2014-05-27,322,323,320,320,66200,320
2014-05-26,328,328,321,324,122900,324
2014-05-23,329,330,326,329,71500,329
2014-05-22,328,345,327,331,167800,331
2014-05-21,325,328,323,328,63600,328
2014-05-20,324,328,322,327,108200,327
2014-05-19,325,325,323,323,83500,323
2014-05-16,320,325,320,322,105700,322
2014-05-15,325,325,320,322,95700,322
2014-05-14,324,324,321,322,23100,322
2014-05-13,322,325,321,324,29900,324
2014-05-12,326,326,321,321,62100,321
2014-05-09,327,329,325,328,86400,328
2014-05-08,324,328,323,327,86200,327
2014-05-07,329,329,323,326,151400,326
2014-05-02,330,330,327,330,74800,330
2014-05-01,326,330,326,330,88600,330
2014-04-30,330,331,326,327,100700,327
2014-04-28,332,336,329,329,125100,329
2014-04-25,327,338,323,333,230600,333
2014-04-24,330,333,327,327,236600,327
2014-04-23,331,335,328,333,221000,333
2014-04-22,338,341,335,338,193500,338
2014-04-21,340,343,338,339,118400,339
2014-04-18,342,342,338,342,181400,342
2014-04-17,342,345,336,341,219100,341
2014-04-16,337,341,332,341,338000,341
2014-04-15,340,345,335,338,573600,338
2014-04-14,327,339,327,335,422000,335
2014-04-11,313,330,313,327,487500,327
2014-04-10,315,325,314,317,469100,317
2014-04-09,305,320,305,317,744000,317
2014-04-08,300,303,295,302,85700,302
2014-04-07,302,305,301,304,44800,304
2014-04-04,302,305,301,304,122100,304
2014-04-03,293,302,293,301,117300,301
2014-04-02,301,301,295,296,80400,296
2014-04-01,300,300,290,300,143100,300
2014-03-31,300,300,296,300,122300,300
2014-03-28,296,299,292,299,111700,299
2014-03-27,286,295,286,295,119400,295
2014-03-26,292,293,278,292,152000,292
2014-03-25,284,295,281,287,223700,287
2014-03-24,270,283,269,281,174000,281
2014-03-20,281,282,260,260,227900,260
2014-03-19,285,285,279,281,53100,281
2014-03-18,280,283,276,283,49600,283
2014-03-17,280,282,270,273,54400,273
2014-03-14,285,285,280,284,266000,284
2014-03-13,282,287,280,285,104900,285
2014-03-12,280,284,279,282,61400,282
2014-03-11,281,283,280,282,48700,282
2014-03-10,281,281,278,280,44300,280
2014-03-07,283,284,280,282,51700,282
2014-03-06,279,283,277,282,125900,282
2014-03-05,279,280,277,279,59000,279
2014-03-04,275,279,271,277,64200,277
2014-03-03,275,279,269,278,69000,278
2014-02-28,279,279,275,278,76500,278
2014-02-27,273,279,272,279,91000,279
2014-02-26,271,277,259,276,130500,276
2014-02-25,275,276,272,276,92200,276
2014-02-24,267,273,264,271,98900,271
2014-02-21,260,265,260,265,39700,265
2014-02-20,262,263,258,260,78000,260
2014-02-19,265,265,262,263,45500,263
2014-02-18,262,263,260,263,68000,263
2014-02-17,260,262,258,262,45400,262
2014-02-14,264,264,258,260,80400,260
2014-02-13,266,267,264,264,21300,264
2014-02-12,268,268,262,266,49700,266
2014-02-10,268,269,265,266,28200,266
2014-02-07,266,266,260,264,63300,264
2014-02-06,260,261,258,258,52400,258
2014-02-05,259,266,254,257,98300,257
2014-02-04,267,267,252,253,203500,253
2014-02-03,270,271,268,268,60800,268
2014-01-31,273,275,269,272,118300,272
2014-01-30,276,276,272,273,49500,273
2014-01-29,278,280,274,278,80800,278
2014-01-28,274,278,273,273,64200,273
2014-01-27,271,274,271,271,116800,271
2014-01-24,286,289,271,275,239100,275
2014-01-23,293,293,285,288,68100,288
2014-01-22,291,292,287,291,56100,291
2014-01-21,290,292,289,289,56400,289
2014-01-20,292,292,289,291,48900,291
2014-01-17,291,293,288,292,90900,292
2014-01-16,292,295,290,290,126000,290
2014-01-15,289,291,287,290,51100,290
2014-01-14,294,295,284,289,120700,289
2014-01-10,290,294,282,294,167600,294
2014-01-09,294,295,291,293,85400,293
2014-01-08,293,295,293,295,56200,295
2014-01-07,294,296,292,293,105400,293
2014-01-06,288,295,286,294,144400,294
2013-12-30,285,287,283,286,67900,286
2013-12-27,283,285,280,284,72100,284
2013-12-26,270,286,270,283,130900,283
2013-12-25,269,272,269,271,129000,271
2013-12-24,273,275,271,272,89700,272
2013-12-20,273,274,268,273,207500,273
2013-12-19,278,279,273,275,108200,275
2013-12-18,274,279,273,278,93500,278
2013-12-17,278,278,274,274,54400,274
2013-12-16,283,283,278,278,81800,278
2013-12-13,279,284,279,279,120500,279
2013-12-12,281,283,280,282,39000,282
2013-12-11,281,282,280,280,28500,280
2013-12-10,280,283,280,282,48400,282
2013-12-09,281,282,279,281,35100,281
2013-12-06,279,281,279,280,49700,280
2013-12-05,281,283,279,279,39500,279
2013-12-04,285,285,280,281,54600,281
2013-12-03,286,288,285,286,85400,286
2013-12-02,285,286,284,285,53400,285
2013-11-29,282,284,281,283,53000,283
2013-11-28,281,283,280,280,48100,280
2013-11-27,281,282,280,281,62600,281
2013-11-26,282,284,281,282,71400,282
2013-11-25,283,285,281,285,66400,285
2013-11-22,282,285,281,284,91800,284
2013-11-21,281,283,280,282,29400,282
2013-11-20,281,283,279,281,67400,281
2013-11-19,281,284,279,283,75500,283
2013-11-18,285,285,281,283,93900,283
2013-11-15,281,283,279,282,169900,282
2013-11-14,271,276,271,276,67400,276
2013-11-13,272,273,270,271,68300,271
2013-11-12,270,276,269,275,82700,275
2013-11-11,270,271,268,271,59600,271
2013-11-08,270,271,269,270,46100,270
2013-11-07,271,272,270,272,50400,272
2013-11-06,267,271,265,269,71500,269
2013-11-05,270,270,268,269,62100,269
2013-11-01,272,273,269,269,108200,269
2013-10-31,273,274,272,273,43400,273
2013-10-30,275,275,272,273,56900,273
2013-10-29,276,276,273,273,56900,273
2013-10-28,275,278,275,277,44900,277
2013-10-25,277,278,275,276,57000,276
2013-10-24,275,276,274,275,55300,275
2013-10-23,275,277,275,275,80000,275
2013-10-22,277,278,275,276,76600,276
2013-10-21,274,277,274,277,75900,277
2013-10-18,272,275,272,274,84500,274
2013-10-17,274,276,272,275,105800,275
2013-10-16,275,275,273,274,70200,274
2013-10-15,276,277,275,276,63200,276
2013-10-11,281,281,275,277,168600,277
2013-10-10,282,284,273,279,166200,279
2013-10-09,277,282,277,281,160100,281
2013-10-08,286,286,284,285,45100,285
2013-10-07,287,289,286,286,50500,286
2013-10-04,287,289,286,286,31700,286
2013-10-03,291,293,289,289,34300,289
2013-10-02,294,295,290,291,71900,291
2013-10-01,287,295,286,294,66500,294
2013-09-30,286,289,286,288,34200,288
2013-09-27,290,290,287,289,45100,289
2013-09-26,287,290,286,289,33500,289
2013-09-25,289,289,286,288,32100,288
2013-09-24,288,290,286,286,71400,286
2013-09-20,288,288,285,288,97900,288
2013-09-19,284,288,284,288,53600,288
2013-09-18,283,286,282,284,51900,284
2013-09-17,284,287,283,283,38300,283
2013-09-13,281,286,281,285,65500,285
2013-09-12,285,286,283,283,33000,283
2013-09-11,289,290,287,287,27800,287
2013-09-10,288,290,285,290,55900,290
2013-09-09,283,290,281,289,74700,289
2013-09-06,282,282,280,281,23500,281
2013-09-05,284,284,279,281,41800,281
2013-09-04,281,282,279,281,29700,281
2013-09-03,278,282,277,282,65100,282
2013-09-02,277,278,274,278,43000,278
2013-08-30,276,279,274,274,57900,274
2013-08-29,283,284,273,275,101600,275
2013-08-28,283,286,282,285,279800,285
2013-08-27,296,296,290,290,1100300,290
2013-08-26,295,296,293,296,149200,296
2013-08-23,294,295,293,295,53600,295
2013-08-22,293,294,291,293,77700,293
2013-08-21,294,295,293,294,74600,294
2013-08-20,297,297,294,294,118700,294
2013-08-19,297,301,297,300,44600,300
2013-08-16,300,302,297,299,52400,299
2013-08-15,304,304,300,301,35500,301
2013-08-14,304,304,300,303,40800,303
2013-08-13,300,302,294,302,76900,302
2013-08-12,302,302,296,297,105000,297
2013-08-09,306,306,302,302,57000,302
2013-08-08,306,307,305,305,36200,305
2013-08-07,303,307,303,306,31300,306
2013-08-06,306,307,303,306,33100,306
2013-08-05,308,308,305,306,23600,306
2013-08-02,305,307,302,307,64300,307
2013-08-01,303,304,299,304,46100,304
2013-07-31,309,309,300,300,61400,300
2013-07-30,295,310,295,308,61400,308
2013-07-29,302,303,295,297,96100,297
2013-07-26,310,310,304,304,45300,304
2013-07-25,313,313,310,310,44900,310
2013-07-24,309,311,307,311,46400,311
2013-07-23,302,310,302,307,55300,307
2013-07-22,301,305,301,303,96500,303
2013-07-19,310,311,305,306,116900,306
2013-07-18,309,311,308,310,79300,310
2013-07-17,307,311,306,309,120900,309
2013-07-16,316,316,309,311,59400,311
2013-07-12,316,321,309,311,241700,311
2013-07-11,315,316,302,312,91300,312
2013-07-10,318,320,314,318,60100,318
2013-07-09,314,320,313,316,80300,316
2013-07-08,321,323,313,313,90800,313
2013-07-05,320,320,318,319,41200,319
2013-07-04,319,320,316,318,34500,318
2013-07-03,320,320,314,318,51500,318
2013-07-02,314,320,314,320,89600,320
2013-07-01,309,314,303,312,67200,312
2013-06-28,305,310,305,310,89400,310
2013-06-27,298,304,293,304,71500,304
2013-06-26,303,304,289,294,47300,294
2013-06-25,301,304,297,302,55000,302
2013-06-24,301,305,296,297,82300,297
2013-06-21,291,306,291,305,105700,305
2013-06-20,300,304,284,299,81600,299
2013-06-19,302,306,299,303,109300,303
2013-06-18,289,298,285,297,98700,297
2013-06-17,276,288,276,285,65800,285
2013-06-14,283,286,278,278,91800,278
2013-06-13,280,288,276,281,107400,281
2013-06-12,273,287,273,285,133600,285
2013-06-11,292,293,282,283,82800,283
2013-06-10,282,291,281,291,66500,291
2013-06-07,276,279,274,274,119600,274
2013-06-06,283,292,280,282,98400,282
2013-06-05,287,295,282,284,121600,284
2013-06-04,275,288,275,287,177200,287
2013-06-03,280,280,273,274,170100,274
2013-05-31,283,287,282,282,113100,282
2013-05-30,295,296,282,283,210900,283
2013-05-29,296,300,295,295,130600,295
2013-05-28,299,303,295,295,104700,295
2013-05-27,311,311,300,300,131000,300
2013-05-24,308,319,305,310,206200,310
2013-05-23,324,326,308,308,237000,308
2013-05-22,327,327,323,324,83400,324
2013-05-21,325,330,323,323,99800,323
2013-05-20,329,330,325,327,110500,327
2013-05-17,320,330,320,327,87900,327
2013-05-16,330,331,319,321,186200,321
2013-05-15,340,340,330,331,161000,331
2013-05-14,341,342,335,339,123500,339
2013-05-13,339,343,336,342,213200,342
2013-05-10,341,343,335,335,151100,335
2013-05-09,337,342,336,336,83600,336
2013-05-08,340,343,335,336,180400,336
2013-05-07,339,343,337,341,148000,341
2013-05-02,332,339,331,336,98500,336
2013-05-01,329,332,329,331,83200,331
2013-04-30,332,337,329,332,179500,332
2013-04-26,346,347,332,333,185100,333
2013-04-25,345,345,342,345,156000,345
2013-04-24,340,346,340,342,131100,342
2013-04-23,342,344,338,339,137800,339
2013-04-22,333,347,332,344,220800,344
2013-04-19,332,335,327,331,114500,331
2013-04-18,330,336,326,328,234400,328
2013-04-17,325,333,324,331,288500,331
2013-04-16,324,328,320,324,341200,324
2013-04-15,320,326,320,325,357100,325
2013-04-12,322,323,317,320,251500,320
2013-04-11,325,329,318,320,511200,320
2013-04-10,323,327,317,325,929800,325
2013-04-09,345,350,337,339,256200,339
2013-04-08,335,346,332,346,447800,346
2013-04-05,346,353,338,345,296600,345
2013-04-04,335,339,322,339,244400,339
2013-04-03,335,341,328,331,169700,331
2013-04-02,316,334,315,330,371200,330
2013-04-01,340,341,324,324,374400,324
2013-03-29,348,350,336,338,216200,338
2013-03-28,359,362,342,347,306400,347
2013-03-27,356,362,350,360,271400,360
2013-03-26,363,365,352,352,356300,352
2013-03-25,380,382,360,362,492600,362
2013-03-22,382,393,366,377,1023900,377
2013-03-21,345,408,344,385,5510700,385
2013-03-19,322,344,321,341,1670300,341
2013-03-18,320,322,317,319,140100,319
2013-03-15,315,320,314,320,205600,320
2013-03-14,320,321,314,316,235800,316
2013-03-13,320,321,315,318,223000,318
2013-03-12,320,326,319,321,365700,321
2013-03-11,307,317,306,315,390500,315
2013-03-08,303,306,302,305,170700,305
2013-03-07,307,307,302,303,95500,303
2013-03-06,304,305,300,303,177000,303
2013-03-05,303,304,300,302,89800,302
2013-03-04,304,304,300,300,110900,300
2013-03-01,301,303,297,301,57600,301
2013-02-28,298,301,297,299,106800,299
2013-02-27,306,306,291,292,290600,292
2013-02-26,305,308,301,306,122400,306
2013-02-25,307,313,307,310,190900,310
2013-02-22,307,310,300,306,290800,306
2013-02-21,306,313,305,306,163400,306
2013-02-20,305,308,303,306,174200,306
2013-02-19,297,307,297,303,265500,303
2013-02-18,286,295,286,295,146600,295
2013-02-15,298,299,282,285,315700,285
2013-02-14,305,305,296,298,308000,298
2013-02-13,313,313,305,305,171900,305
2013-02-12,315,320,312,312,192000,312
2013-02-08,313,318,309,309,252100,309
2013-02-07,317,318,313,315,195700,315
2013-02-06,325,326,319,319,206900,319
2013-02-05,330,330,321,322,196500,322
2013-02-04,322,326,320,326,154100,326
2013-02-01,324,330,322,324,110100,324
2013-01-31,326,329,320,325,177800,325
2013-01-30,319,328,318,325,326300,325
2013-01-29,318,323,316,317,154200,317
2013-01-28,316,320,311,317,194300,317
2013-01-25,313,314,308,312,213400,312
2013-01-24,310,312,306,309,119100,309
2013-01-23,317,318,306,307,171100,307
2013-01-22,320,323,310,317,368600,317
2013-01-21,317,318,311,316,148500,316
2013-01-18,307,313,305,312,200100,312
2013-01-17,303,309,299,302,236000,302
2013-01-16,313,316,302,304,339800,304
2013-01-15,320,320,312,315,282100,315
2013-01-11,315,323,315,320,304900,320
2013-01-10,315,328,315,319,309300,319
2013-01-09,314,331,303,323,533300,323
2013-01-08,340,341,321,327,543800,327
2013-01-07,326,343,323,341,704800,341
2013-01-04,308,329,300,321,1019000,321
2012-12-28,308,308,296,303,383300,303
2012-12-27,308,314,301,304,703600,304
2012-12-26,282,296,279,296,563500,296
2012-12-25,271,278,269,278,509500,278
2012-12-21,266,268,264,268,268100,268
2012-12-20,265,266,261,264,376900,264
2012-12-19,266,268,262,263,322300,263
2012-12-18,267,267,262,264,208000,264
2012-12-17,262,268,261,266,346200,266
2012-12-14,264,265,261,261,266100,261
2012-12-13,266,266,263,264,145000,264
2012-12-12,267,268,265,266,196600,266
2012-12-11,265,268,264,267,138600,267
2012-12-10,267,268,264,265,100400,265
2012-12-07,271,271,267,267,129200,267
2012-12-06,270,270,268,270,139100,270
2012-12-05,267,267,263,266,99900,266
2012-12-04,267,267,263,265,123900,265
2012-12-03,261,266,261,262,195900,262
2012-11-30,272,274,260,260,529300,260
2012-11-29,264,272,264,270,260300,270
2012-11-28,280,280,261,262,515100,262
2012-11-27,274,279,270,279,266700,279
2012-11-26,268,280,267,273,436900,273
2012-11-22,263,270,263,268,185300,268
2012-11-21,268,268,263,266,186400,266
2012-11-20,264,270,262,268,330800,268
2012-11-19,270,272,263,263,266400,263
2012-11-16,270,272,261,265,286900,265
2012-11-15,266,276,261,274,270500,274
2012-11-14,273,274,263,265,184200,265
2012-11-13,252,273,252,268,368900,268
2012-11-12,254,255,252,253,165600,253
2012-11-09,255,260,255,256,216100,256
2012-11-08,264,267,263,263,158400,263
2012-11-07,269,270,259,267,490100,267
2012-11-06,274,278,266,268,481200,268
2012-11-05,283,285,277,281,343500,281
2012-11-02,283,285,277,283,457100,283
2012-11-01,285,285,272,280,712200,280
2012-10-31,269,288,269,279,1806700,279
2012-10-30,265,265,251,261,591200,261
2012-10-29,274,278,261,265,596800,265
2012-10-26,262,286,261,271,971200,271
2012-10-25,267,269,263,265,450300,265
2012-10-24,244,272,243,269,1375400,269
2012-10-23,252,256,243,245,561600,245
2012-10-22,238,250,236,250,515500,250
2012-10-19,245,249,236,244,820900,244
2012-10-18,237,248,235,247,1322700,247
2012-10-17,222,233,220,231,1102300,231
2012-10-16,209,224,207,217,1407500,217
2012-10-15,206,208,202,207,419300,207
2012-10-12,214,217,202,204,1216200,204
2012-10-11,204,226,203,215,2943000,215
2012-10-10,199,200,193,195,241800,195
2012-10-09,198,200,198,199,163800,199
2012-10-05,199,201,197,198,136700,198
2012-10-04,200,203,198,202,196200,202
2012-10-03,204,205,200,200,140600,200
2012-10-02,206,209,204,204,160900,204
2012-10-01,206,210,206,208,121000,208
2012-09-28,214,214,210,212,104000,212
2012-09-27,208,214,208,214,89800,214
2012-09-26,217,218,207,207,156500,207
2012-09-25,221,224,218,221,124700,221
2012-09-24,223,224,220,223,118700,223
2012-09-21,219,224,218,223,140800,223
2012-09-20,218,221,216,221,112400,221
2012-09-19,222,223,211,217,160800,217
2012-09-18,224,225,220,224,118900,224
2012-09-14,220,228,220,225,211300,225
2012-09-13,210,219,210,217,211600,217
2012-09-12,200,214,198,211,229900,211
2012-09-11,206,206,201,201,105100,201
2012-09-10,204,207,202,205,179500,205
2012-09-07,207,207,198,203,261200,203
2012-09-06,205,209,201,202,139600,202
2012-09-05,211,212,204,204,115500,204
2012-09-04,216,216,209,211,145300,211
2012-09-03,218,224,216,218,84000,218
2012-08-31,222,226,219,219,162900,219
2012-08-30,232,233,224,225,129900,225
2012-08-29,230,238,228,234,120700,234
2012-08-28,246,248,241,241,95900,241
2012-08-27,259,260,246,248,100200,248
2012-08-24,260,260,252,255,75700,255
2012-08-23,257,261,254,260,85900,260
2012-08-22,273,273,258,259,134600,259
2012-08-21,272,275,268,275,47000,275
2012-08-20,274,276,269,272,59400,272
2012-08-17,275,275,267,273,61100,273
2012-08-16,264,273,264,272,65000,272
2012-08-15,277,277,264,266,74100,266
2012-08-14,266,277,264,276,211900,276
2012-08-13,251,265,249,264,149200,264
2012-08-10,254,259,251,258,92600,258
2012-08-09,246,253,245,252,163300,252
2012-08-08,244,248,244,244,106600,244
2012-08-07,245,247,242,244,57200,244
2012-08-06,250,251,245,245,60900,245
2012-08-03,245,249,240,247,96500,247
2012-08-02,248,251,246,249,58300,249
2012-08-01,251,253,246,247,62800,247
2012-07-31,250,254,246,253,94200,253
2012-07-30,246,258,246,255,115100,255
2012-07-27,238,254,238,253,131800,253
2012-07-26,237,237,225,234,86600,234
2012-07-25,230,240,223,238,194000,238
2012-07-24,243,244,220,226,305800,226
2012-07-23,265,267,242,243,229100,243
2012-07-20,280,280,266,266,115900,266
2012-07-19,274,279,274,276,72600,276
2012-07-18,286,287,272,273,167500,273
2012-07-17,293,293,283,285,118600,285
2012-07-13,296,296,293,293,38600,293
2012-07-12,300,302,293,296,102100,296
2012-07-11,297,300,295,298,97500,298
2012-07-10,300,301,296,296,119200,296
2012-07-09,296,300,296,298,52300,298
2012-07-06,298,300,297,298,75400,298
2012-07-05,300,302,295,299,89700,299
2012-07-04,303,304,300,300,60600,300
2012-07-03,298,303,298,300,71000,300
2012-07-02,308,308,299,299,146300,299
2012-06-29,301,305,298,300,105500,300
2012-06-28,304,304,297,301,129500,301
2012-06-27,305,305,293,301,111600,301
2012-06-26,310,312,300,301,240700,301
2012-06-25,320,321,313,313,69900,313
2012-06-22,313,320,312,318,94900,318
2012-06-21,314,326,313,318,178000,318
2012-06-20,310,312,305,312,119200,312
2012-06-19,301,309,298,303,178100,303
2012-06-18,301,307,295,301,165700,301
2012-06-15,292,299,290,299,183700,299
2012-06-14,283,291,283,290,112400,290
2012-06-13,291,291,286,286,63700,286
2012-06-12,292,292,284,290,115300,290
2012-06-11,290,297,290,292,141500,292
2012-06-08,294,295,287,289,162100,289
2012-06-07,297,297,291,293,191600,293
2012-06-06,298,298,291,294,160200,294
2012-06-05,295,298,295,297,127000,297
2012-06-04,295,302,295,295,132700,295
2012-06-01,300,303,299,300,126200,300
2012-05-31,298,304,296,301,147900,301
2012-05-30,300,309,298,301,257200,301
2012-05-29,301,304,298,301,363100,301
2012-05-28,300,312,298,308,177300,308
2012-05-25,309,317,294,302,461800,302
2012-05-24,306,309,299,301,288400,301
2012-05-23,319,320,307,308,174100,308
2012-05-22,318,320,307,317,288500,317
2012-05-21,318,326,315,315,225300,315
2012-05-18,325,332,315,321,532300,321
2012-05-17,304,360,303,338,2050000,338
2012-05-16,315,320,304,310,748300,310
2012-05-15,350,356,320,323,1169600,323
2012-05-14,390,399,347,354,3102800,354
2012-05-11,426,442,405,420,5801700,420
2012-05-10,343,386,343,362,412300,362
2012-05-09,354,354,340,342,129400,342
2012-05-08,341,352,341,351,136100,351
2012-05-07,359,360,341,342,222100,342
2012-05-02,368,370,359,362,122600,362
2012-05-01,380,383,364,368,264000,368
2012-04-27,394,394,380,380,297600,380
2012-04-26,393,399,393,394,139900,394
2012-04-25,398,398,387,390,224200,390
2012-04-24,403,405,392,393,182000,393
2012-04-23,394,413,394,405,217600,405
2012-04-20,400,404,390,391,230100,391
2012-04-19,405,406,400,400,111000,400
2012-04-18,410,414,403,408,237100,408
2012-04-17,418,420,406,410,167100,410
2012-04-16,423,423,418,418,89500,418
2012-04-13,408,445,408,424,398100,424
2012-04-12,408,416,407,410,172200,410
2012-04-11,420,423,403,404,313900,404
2012-04-10,431,436,422,422,140700,422
2012-04-09,422,451,422,430,290400,430
2012-04-06,436,436,416,422,412500,422
2012-04-05,445,445,425,438,285400,438
2012-04-04,461,463,451,452,140400,452
2012-04-03,467,470,460,461,152100,461
2012-04-02,476,481,467,467,335900,467
2012-03-30,486,494,483,492,66200,492
2012-03-29,478,488,478,486,70100,486
2012-03-28,477,488,476,486,110500,486
2012-03-27,490,493,487,493,175300,493
2012-03-26,493,494,489,489,112200,489
2012-03-23,493,495,491,492,99000,492
2012-03-22,493,495,491,493,95500,493
2012-03-21,493,494,491,492,90100,492
2012-03-19,495,496,492,493,84500,493
2012-03-16,495,497,493,497,49800,497
2012-03-15,495,497,492,495,70100,495
2012-03-14,499,502,492,493,126600,493
2012-03-13,502,503,498,498,58700,498
2012-03-12,501,505,499,501,103000,501
2012-03-09,493,497,491,494,125300,494
2012-03-08,496,496,492,493,92200,493
2012-03-07,495,497,492,494,65100,494
2012-03-06,500,502,495,496,49000,496
2012-03-05,502,505,498,498,72200,498
2012-03-02,500,504,498,502,56900,502
2012-03-01,502,503,495,498,124600,498
2012-02-29,507,513,500,501,177300,501
2012-02-28,502,502,498,501,65600,501
2012-02-27,500,504,499,502,52000,502
2012-02-24,505,505,497,499,69900,499
2012-02-23,502,508,501,502,36900,502
2012-02-22,498,507,495,505,84300,505
2012-02-21,493,499,492,496,47100,496
2012-02-20,494,495,491,492,51800,492
2012-02-17,494,494,488,489,76400,489
2012-02-16,493,496,490,491,67300,491
2012-02-15,501,502,493,495,157600,495
2012-02-14,502,503,500,502,58800,502
2012-02-13,505,508,501,502,63200,502
2012-02-10,501,521,500,515,82100,515
2012-02-09,506,508,503,506,21600,506
2012-02-08,504,508,503,508,23300,508
2012-02-07,504,509,500,503,48500,503
2012-02-06,514,516,503,504,80200,504
2012-02-03,528,528,510,512,37000,512
2012-02-02,529,530,528,530,36500,530
2012-02-01,514,523,514,522,50900,522
2012-01-31,510,515,506,514,39400,514
2012-01-30,513,514,508,510,36100,510
2012-01-27,507,510,507,508,19600,508
2012-01-26,517,518,509,511,25700,511
2012-01-25,512,520,495,516,83500,516
2012-01-24,507,508,502,506,24700,506
2012-01-23,500,508,500,508,34400,508
2012-01-20,495,504,495,500,73900,500
2012-01-19,505,508,501,502,33500,502
2012-01-18,506,509,502,504,32300,504
2012-01-17,502,511,501,511,53400,511
2012-01-16,503,506,502,506,31500,506
2012-01-13,502,506,502,502,44300,502
2012-01-12,503,506,501,506,36100,506
2012-01-11,502,506,500,503,43200,503
2012-01-10,501,507,501,501,22900,501
2012-01-06,504,504,497,501,24400,501
2012-01-05,503,507,503,505,15900,505
2012-01-04,509,509,504,506,38900,506
2011-12-30,495,504,495,504,31800,504
2011-12-29,498,498,494,498,13700,498
2011-12-28,498,503,494,498,24200,498
2011-12-27,497,505,497,501,22400,501
2011-12-26,500,501,494,497,18200,497
2011-12-22,500,501,493,496,40100,496
2011-12-21,505,509,502,502,17800,502
2011-12-20,509,509,499,505,35000,505
2011-12-19,503,509,498,508,37700,508
2011-12-16,497,507,497,504,48400,504
2011-12-15,500,506,500,501,26900,501
2011-12-14,508,508,501,502,23300,502
2011-12-13,500,508,497,507,48200,507
2011-12-12,506,509,500,503,59100,503
2011-12-09,490,503,490,498,112400,498
2011-12-08,510,512,506,510,43000,510
2011-12-07,512,517,502,515,76000,515
2011-12-06,535,535,516,518,58600,518
2011-12-05,520,529,520,527,52700,527
2011-12-02,504,521,502,520,104400,520
2011-12-01,515,515,500,501,71600,501
2011-11-30,512,513,500,507,39700,507
2011-11-29,510,515,498,514,34500,514
2011-11-28,485,510,484,504,40700,504
2011-11-25,491,498,486,487,45800,487
2011-11-24,482,488,473,486,62800,486
2011-11-22,483,492,481,490,43600,490
2011-11-21,489,489,484,486,15200,486
2011-11-18,487,496,481,489,67200,489
2011-11-17,491,499,488,497,37300,497
2011-11-16,506,506,492,499,37200,499
2011-11-15,506,510,503,505,22500,505
2011-11-14,508,514,503,512,40800,512
2011-11-11,505,510,500,506,61000,506
2011-11-10,514,520,487,502,276400,502
2011-11-09,526,535,508,533,165100,533
2011-11-08,563,564,516,520,155200,520
2011-11-07,562,572,559,563,98200,563
2011-11-04,551,565,551,562,119500,562
2011-11-02,538,565,533,561,201300,561
2011-11-01,538,545,531,538,27600,538
2011-10-31,530,554,527,546,108900,546
2011-10-28,527,534,524,531,88200,531
2011-10-27,518,526,511,526,41900,526
2011-10-26,507,515,500,512,30300,512
2011-10-25,520,520,510,513,35100,513
2011-10-24,521,523,514,517,32800,517
2011-10-21,515,517,514,517,22100,517
2011-10-20,518,526,516,520,48100,520
2011-10-19,531,531,515,524,33000,524
2011-10-18,524,527,520,521,22000,521
2011-10-17,520,530,520,528,18600,528
2011-10-14,524,534,520,520,60200,520
2011-10-13,542,542,530,534,49300,534
2011-10-12,541,541,533,536,18300,536
2011-10-11,532,545,532,540,44600,540
2011-10-07,531,534,527,530,30600,530
2011-10-06,529,534,523,528,24200,528
2011-10-05,533,533,518,527,72400,527
2011-10-04,532,540,524,536,71000,536
2011-10-03,535,540,529,534,40500,534
2011-09-30,552,554,534,550,109400,550
2011-09-29,536,548,534,548,101900,548
2011-09-28,517,540,514,539,109800,539
2011-09-27,521,524,511,519,63100,519
2011-09-26,532,532,514,517,84000,517
2011-09-22,515,536,514,536,95600,536
2011-09-21,533,535,521,525,81700,525
2011-09-20,536,547,528,533,106600,533
2011-09-16,515,540,512,540,131700,540
2011-09-15,512,519,507,512,55900,512
2011-09-14,505,515,505,512,71600,512
2011-09-13,514,515,506,509,61200,509
2011-09-12,512,513,506,509,75600,509
2011-09-09,519,524,519,522,84800,522
2011-09-08,525,528,518,524,52600,524
2011-09-07,525,525,517,518,60100,518
2011-09-06,520,522,516,518,62900,518
2011-09-05,530,532,519,525,82500,525
2011-09-02,546,546,534,540,57600,540
2011-09-01,554,554,537,546,99300,546
2011-08-31,548,553,538,553,136900,553
2011-08-30,556,556,543,552,91600,552
2011-08-29,526,550,525,548,164600,548
2011-08-26,527,531,510,520,184600,520
2011-08-25,543,543,531,532,90200,532
2011-08-24,540,547,531,535,135700,535
2011-08-23,532,535,527,533,66100,533
2011-08-22,509,536,504,529,155500,529
2011-08-19,510,520,510,513,112900,513
2011-08-18,534,534,524,528,102500,528
2011-08-17,520,539,516,536,198800,536
2011-08-16,520,533,519,524,103200,524
2011-08-15,520,529,508,522,84600,522
2011-08-12,517,523,507,518,129400,518
2011-08-11,491,519,490,516,173700,516
2011-08-10,514,515,498,502,91000,502
2011-08-09,489,504,472,498,269300,498
2011-08-08,504,513,498,506,287500,506
2011-08-05,515,526,505,523,260500,523
2011-08-04,536,542,533,535,107800,535
2011-08-03,533,544,531,540,202800,540
2011-08-02,543,551,535,545,114400,545
2011-08-01,543,559,543,548,170400,548
2011-07-29,529,554,525,548,241800,548
2011-07-28,543,544,534,534,156200,534
2011-07-27,572,573,540,544,444500,544
2011-07-26,576,581,573,574,180900,574
2011-07-25,568,578,560,576,182900,576
2011-07-22,581,581,555,567,316500,567
2011-07-21,588,592,570,575,234700,575
2011-07-20,598,603,575,593,546300,593
2011-07-19,574,597,574,590,803200,590
2011-07-15,580,617,555,564,964500,564
2011-07-14,561,573,555,563,138100,563
2011-07-13,542,564,542,560,158200,560
2011-07-12,547,553,542,547,130000,547
2011-07-11,540,562,538,556,239800,556
2011-07-08,535,543,533,538,79400,538
2011-07-07,542,542,532,533,156200,533
2011-07-06,545,548,535,544,166300,544
2011-07-05,518,551,516,549,321000,549
2011-07-04,524,527,518,521,189200,521
2011-07-01,520,523,517,517,94000,517
2011-06-30,524,524,514,522,132400,522
2011-06-29,522,524,516,522,131000,522
2011-06-28,513,521,510,515,180100,515
2011-06-27,519,519,510,510,109000,510
2011-06-24,515,526,514,520,119300,520
2011-06-23,515,524,514,517,90700,517
2011-06-22,520,527,513,523,250400,523
2011-06-21,510,520,507,519,191000,519
2011-06-20,513,516,504,510,116800,510
2011-06-17,510,519,499,518,362200,518
2011-06-16,516,520,505,506,320000,506
2011-06-15,510,528,505,525,518300,525
2011-06-14,467,510,467,510,676700,510
2011-06-13,435,473,432,467,508500,467
2011-06-10,406,445,403,439,523400,439
2011-06-09,405,410,396,401,194400,401
2011-06-08,416,420,403,409,127100,409
2011-06-07,415,418,408,417,58800,417
2011-06-06,420,421,412,413,48000,413
2011-06-03,431,433,419,421,113800,421
2011-06-02,434,436,428,434,67300,434
2011-06-01,428,444,426,443,146100,443
2011-05-31,429,432,425,431,63000,431
2011-05-30,435,440,427,432,84200,432
2011-05-27,433,439,433,434,49100,434
2011-05-26,435,440,434,436,58100,436
2011-05-25,441,444,433,436,66200,436
2011-05-24,443,447,439,441,63400,441
2011-05-23,451,455,443,448,64500,448
2011-05-20,444,451,439,450,78700,450
2011-05-19,448,451,443,448,93100,448
2011-05-18,440,451,439,448,93000,448
2011-05-17,458,466,439,443,196000,443
2011-05-16,492,493,460,460,207900,460
2011-05-13,477,505,475,502,221200,502
2011-05-12,480,485,474,476,49200,476
2011-05-11,484,485,481,484,51600,484
2011-05-10,480,484,475,481,33100,481
2011-05-09,483,486,480,481,34800,481
2011-05-06,488,489,480,488,78200,488
2011-05-02,499,500,490,496,69800,496
2011-04-28,482,494,481,486,131100,486
2011-04-27,466,483,466,480,111900,480
2011-04-26,467,468,462,465,54000,465
2011-04-25,467,473,460,467,65800,467
2011-04-22,463,464,453,461,79300,461
2011-04-21,464,467,458,459,52100,459
2011-04-20,465,468,459,462,59500,462
2011-04-19,470,474,459,464,61100,464
2011-04-18,468,477,464,474,34300,474
2011-04-15,477,481,471,472,56000,472
2011-04-14,475,484,473,480,37100,480
2011-04-13,476,482,468,478,69300,478
2011-04-12,477,482,470,475,58500,475
2011-04-11,483,493,478,485,77000,485
2011-04-08,460,482,447,480,145000,480
2011-04-07,471,473,453,458,111400,458
2011-04-06,472,473,454,463,137300,463
2011-04-05,484,487,459,465,130200,465
2011-04-04,490,494,481,484,59300,484
2011-04-01,506,506,487,490,87600,490
2011-03-31,496,505,488,505,114900,505
2011-03-30,484,494,477,493,134500,493
2011-03-29,477,493,462,488,216600,488
2011-03-28,505,514,485,492,162800,492
2011-03-25,511,511,490,497,128700,497
2011-03-24,504,513,493,493,169900,493
2011-03-23,495,519,485,513,234700,513
2011-03-22,474,488,472,482,168900,482
2011-03-18,445,480,440,465,256700,465
2011-03-17,416,436,403,428,252500,428
2011-03-16,377,434,377,421,268200,421
2011-03-15,449,452,377,377,287600,377
2011-03-14,455,485,453,457,260800,457
2011-03-11,557,559,545,545,173300,545
2011-03-10,567,567,560,565,114900,565
2011-03-09,573,580,562,564,90100,564
2011-03-08,576,584,568,568,80200,568
2011-03-07,591,591,580,582,94200,582
2011-03-04,604,607,587,592,95400,592
2011-03-03,589,601,589,599,99200,599
2011-03-02,595,600,584,586,167700,586
2011-03-01,581,614,581,605,331300,605
2011-02-28,561,580,558,576,176600,576
2011-02-25,552,574,546,569,228300,569
2011-02-24,561,571,552,558,249300,558
2011-02-23,571,583,555,556,316600,556
2011-02-22,600,600,578,581,179300,581
2011-02-21,607,607,599,599,66800,599
2011-02-18,600,609,595,608,172900,608
2011-02-17,604,607,598,598,137800,598
2011-02-16,608,608,600,602,138300,602
2011-02-15,600,610,597,606,287200,606
2011-02-14,571,585,570,583,225800,583
2011-02-10,554,571,542,571,233200,571
2011-02-09,580,585,561,564,556900,564
2011-02-08,542,559,532,555,381600,555
2011-02-07,538,543,536,542,247100,542
2011-02-04,513,527,511,527,284300,527
2011-02-03,508,515,506,513,90000,513
2011-02-02,500,513,499,506,144100,506
2011-02-01,498,504,496,503,100400,503
2011-01-31,505,506,493,496,144400,496
2011-01-28,512,514,501,510,113100,510
2011-01-27,502,514,502,510,121100,510
2011-01-26,498,505,498,502,66600,502
2011-01-25,500,504,492,504,85100,504
2011-01-24,499,499,488,499,67400,499
2011-01-21,512,515,493,499,172900,499
2011-01-20,513,519,510,512,75000,512
2011-01-19,525,525,515,517,90000,517
2011-01-18,513,524,513,520,61900,520
2011-01-17,521,526,516,517,85600,517
2011-01-14,509,528,509,521,207000,521
2011-01-13,530,530,511,513,184500,513
2011-01-12,530,532,523,524,119300,524
2011-01-11,520,523,516,522,142400,522
2011-01-07,519,525,513,513,213800,513
2011-01-06,515,520,515,518,217700,518
2011-01-05,500,510,500,510,234200,510
2011-01-04,483,497,481,496,294800,496
2010-12-30,481,484,470,475,232000,475
2010-12-29,493,494,477,480,364700,480
2010-12-28,500,500,492,493,113600,493
2010-12-27,500,504,494,498,118600,498
2010-12-24,500,506,497,502,159700,502
2010-12-22,515,517,503,506,190300,506
2010-12-21,508,520,508,514,126800,514
2010-12-20,533,533,507,511,314600,511
2010-12-17,530,538,521,526,191400,526
2010-12-16,529,536,529,531,119900,531
2010-12-15,539,548,527,529,260400,529
2010-12-14,526,535,523,535,161500,535
2010-12-13,525,528,520,528,156600,528
2010-12-10,520,527,512,521,182400,521
2010-12-09,528,530,514,519,237600,519
2010-12-08,531,538,517,520,214700,520
2010-12-07,537,541,523,530,201900,530
2010-12-06,512,533,512,533,225800,533
2010-12-03,507,517,506,515,190500,515
2010-12-02,516,520,501,502,166900,502
2010-12-01,493,508,489,506,279300,506
2010-11-30,513,515,491,493,491400,493
2010-11-29,519,534,513,516,248300,516
2010-11-26,537,537,522,522,172700,522
2010-11-25,542,544,528,530,251600,530
2010-11-24,518,544,504,544,440500,544
2010-11-22,521,530,516,528,330200,528
2010-11-19,539,540,511,513,411400,513
2010-11-18,549,549,534,540,232000,540
2010-11-17,516,545,515,539,354300,539
2010-11-16,540,543,526,526,450700,526
2010-11-15,500,534,497,533,603100,533
2010-11-12,464,506,461,500,570200,500
2010-11-11,448,470,448,465,245800,465
2010-11-10,453,465,443,455,266000,455
2010-11-09,428,452,423,452,430100,452
2010-11-08,406,428,398,423,538700,423
2010-11-05,394,398,386,390,186000,390
2010-11-04,386,395,380,387,157100,387
2010-11-02,371,379,371,378,99700,378
2010-11-01,385,389,374,375,85900,375
2010-10-29,376,390,375,389,127200,389
2010-10-28,392,392,382,382,193800,382
2010-10-27,377,388,369,388,173200,388
2010-10-26,380,387,370,370,85200,370
2010-10-25,380,395,376,382,87800,382
2010-10-22,373,386,369,379,78100,379
2010-10-21,372,372,364,371,53900,371
2010-10-20,365,375,361,368,86400,368
2010-10-19,368,379,367,371,69100,371
2010-10-18,362,372,360,365,72500,365
2010-10-15,370,373,363,363,120700,363
2010-10-14,375,380,370,372,87500,372
2010-10-13,377,384,371,373,123900,373
2010-10-12,397,398,374,376,119700,376
2010-10-08,398,403,385,392,167900,392
2010-10-07,370,400,370,397,206900,397
2010-10-06,370,377,364,376,119200,376
2010-10-05,372,379,361,372,214700,372
2010-10-04,398,400,370,377,295400,377
2010-10-01,424,425,398,400,200600,400
2010-09-30,426,437,426,428,84600,428
2010-09-29,423,433,423,433,52300,433
2010-09-28,437,443,424,425,122400,425
2010-09-27,444,445,438,445,70000,445
2010-09-24,446,450,438,442,67500,442
2010-09-22,439,450,434,446,76300,446
2010-09-21,444,448,438,439,59900,439
2010-09-17,442,445,440,444,51100,444
2010-09-16,442,444,439,442,57300,442
2010-09-15,440,445,436,439,82500,439
2010-09-14,444,451,437,440,78900,440
2010-09-13,435,442,434,439,68700,439
2010-09-10,440,442,436,436,87000,436
2010-09-09,451,454,430,433,111400,433
2010-09-08,457,457,436,443,124700,443
2010-09-07,450,460,444,457,150600,457
2010-09-06,443,456,441,446,183300,446
2010-09-03,417,442,415,439,223100,439
2010-09-02,425,425,410,413,119500,413
2010-09-01,409,420,403,417,112700,417
2010-08-31,422,437,413,413,226100,413
2010-08-30,421,425,411,424,229100,424
2010-08-27,399,410,398,405,95500,405
2010-08-26,402,408,397,400,106800,400
2010-08-25,411,414,401,401,103100,401
2010-08-24,400,414,400,410,93700,410
2010-08-23,401,408,395,407,155800,407
2010-08-20,411,418,406,407,115700,407
2010-08-19,412,421,411,419,116500,419
2010-08-18,422,424,411,413,124100,413
2010-08-17,414,415,400,414,210900,414
2010-08-16,436,436,415,415,204700,415
2010-08-13,430,445,430,444,91600,444
2010-08-12,440,440,422,431,112100,431
2010-08-11,451,457,441,445,140700,445
2010-08-10,463,465,451,456,199800,456
2010-08-09,481,481,442,462,271200,462
2010-08-06,500,503,494,497,76600,497
2010-08-05,502,508,487,500,117200,500
2010-08-04,503,506,494,495,76700,495
2010-08-03,509,509,504,505,39200,505
2010-08-02,506,515,498,500,48800,500
2010-07-30,500,516,497,508,97300,508
2010-07-29,511,513,503,504,73400,504
2010-07-28,514,518,509,510,60500,510
2010-07-27,506,514,505,508,56800,508
2010-07-26,512,517,503,505,56000,505
2010-07-23,499,507,494,502,111300,502
2010-07-22,492,494,483,489,104200,489
2010-07-21,496,498,492,493,70800,493
2010-07-20,514,517,492,492,233700,492
2010-07-16,524,524,507,513,140200,513
2010-07-15,542,543,530,532,76100,532
2010-07-14,550,566,544,550,67900,550
2010-07-13,564,566,544,547,107800,547
2010-07-12,540,566,540,562,173500,562
2010-07-09,552,552,538,542,103100,542
2010-07-08,556,560,550,555,92900,555
2010-07-07,555,558,540,544,113900,544
2010-07-06,564,565,546,561,79500,561
2010-07-05,549,562,549,561,190300,561
2010-07-02,546,553,534,539,139100,539
2010-07-01,531,545,528,536,125500,536
2010-06-30,520,545,511,541,165400,541
2010-06-29,531,545,524,530,154300,530
2010-06-28,523,530,520,524,97600,524
2010-06-25,536,545,522,525,148900,525
2010-06-24,545,550,542,543,68800,543
2010-06-23,560,561,544,552,143900,552
2010-06-22,548,560,548,560,130300,560
2010-06-21,547,559,546,547,110600,547
2010-06-18,559,563,542,542,167100,542
2010-06-17,576,584,562,564,119900,564
2010-06-16,581,585,573,573,93100,573
2010-06-15,568,580,567,571,112000,571
2010-06-14,556,585,555,568,189900,568
2010-06-11,560,569,553,554,172300,554
2010-06-10,565,580,554,557,132300,557
2010-06-09,596,597,553,564,283400,564
2010-06-08,584,615,584,603,123600,603
2010-06-07,600,608,583,590,137500,590
2010-06-04,630,630,610,616,127000,616
2010-06-03,629,638,624,627,85500,627
2010-06-02,622,631,620,624,79200,624
2010-06-01,645,645,628,632,82700,632
2010-05-31,637,656,634,646,104500,646
2010-05-28,648,661,642,644,144400,644
2010-05-27,618,648,618,634,228300,634
2010-05-26,620,640,616,625,271900,625
2010-05-25,608,618,602,604,144500,604
2010-05-24,636,646,616,618,250700,618
2010-05-21,650,666,624,631,312200,631
2010-05-20,666,677,656,660,116000,660
2010-05-19,665,674,658,673,133200,673
2010-05-18,676,680,663,675,178100,675
2010-05-17,700,704,668,676,461000,676
2010-05-14,718,738,717,724,223400,724
2010-05-13,752,762,747,754,82600,754
2010-05-12,760,760,740,751,100500,751
2010-05-11,775,784,742,748,169500,748
2010-05-10,747,768,745,760,89600,760
2010-05-07,756,785,749,751,261200,751
2010-05-06,787,798,771,790,190400,790
2010-04-30,806,807,798,802,102800,802
2010-04-28,790,807,788,798,122500,798
2010-04-27,792,805,792,805,129900,805
2010-04-26,805,809,793,794,116400,794
2010-04-23,801,804,792,799,126600,799
2010-04-22,794,808,792,804,254000,804
2010-04-21,776,795,774,792,144700,792
2010-04-20,765,779,765,774,136700,774
2010-04-19,769,776,765,766,111100,766
2010-04-16,782,792,776,783,102500,783
2010-04-15,799,805,778,789,148800,789
2010-04-14,805,817,794,798,121800,798
2010-04-13,791,805,790,802,121700,802
2010-04-12,818,823,803,804,170100,804
2010-04-09,776,810,774,810,269000,810
2010-04-08,786,789,781,785,172600,785
2010-04-07,806,809,785,796,236600,796
2010-04-06,827,828,806,811,150300,811
2010-04-05,820,831,816,825,125700,825
2010-04-02,835,835,811,820,168800,820
2010-04-01,838,838,808,825,275700,825
2010-03-31,797,845,794,837,656400,837
2010-03-30,767,797,764,797,479100,797
2010-03-29,735,767,725,757,231900,757
2010-03-26,743,748,735,742,267300,742
2010-03-25,760,762,748,750,174900,750
2010-03-24,756,765,743,762,240400,762
2010-03-23,776,787,756,756,313500,756
2010-03-19,795,797,778,789,302000,789
2010-03-18,780,788,777,782,204800,782
2010-03-17,753,773,748,771,221900,771
2010-03-16,764,764,748,752,268200,752
2010-03-15,763,775,742,749,370800,749
2010-03-12,797,799,753,771,464400,771
2010-03-11,780,802,777,788,532300,788
2010-03-10,760,777,751,772,314200,772
2010-03-09,738,755,728,753,277100,753
2010-03-08,725,744,725,739,178000,739
2010-03-05,715,723,704,721,179400,721
2010-03-04,720,722,702,709,130100,709
2010-03-03,697,714,687,713,329800,713
2010-03-02,714,739,680,705,554700,705
2010-03-01,723,759,715,721,702800,721
2010-02-26,690,722,689,712,367300,712
2010-02-25,698,709,687,692,400600,692
2010-02-24,664,699,660,695,395300,695
2010-02-23,653,665,651,664,207700,664
2010-02-22,650,654,646,653,95400,653
2010-02-19,650,656,630,639,149100,639
2010-02-18,629,649,627,646,217000,646
2010-02-17,613,641,607,629,458100,629
2010-02-16,623,624,601,603,147300,603
2010-02-15,631,633,618,623,175200,623
2010-02-12,635,636,618,628,573500,628
2010-02-10,585,588,583,587,137100,587
2010-02-09,577,583,571,578,127900,578
2010-02-08,578,578,555,569,138300,569
2010-02-05,555,572,555,568,85800,568
2010-02-04,585,585,567,578,91300,578
2010-02-03,568,584,566,578,170200,578
2010-02-02,577,578,567,572,109200,572
2010-02-01,553,570,551,567,111500,567
2010-01-29,549,562,545,555,175500,555
2010-01-28,531,549,530,545,70900,545
2010-01-27,532,545,531,540,89000,540
2010-01-26,520,543,520,537,212800,537
2010-01-25,549,554,517,518,282200,518
2010-01-22,558,560,547,547,190000,547
2010-01-21,558,560,548,550,186000,550
2010-01-20,580,585,556,568,89200,568
2010-01-19,571,580,570,580,89300,580
2010-01-18,567,582,567,578,83700,578
2010-01-15,574,585,574,585,106800,585
2010-01-14,570,586,564,584,186800,584
2010-01-13,597,597,563,566,348800,566
2010-01-12,585,598,584,596,141100,596
2010-01-08,579,584,570,581,155700,581
2010-01-07,569,578,569,578,119000,578
2010-01-06,565,576,561,569,201500,569
2010-01-05,560,564,553,561,142800,561
2010-01-04,546,554,544,551,69900,551
2009-12-30,548,552,542,546,105400,546
2009-12-29,540,551,537,545,146100,545
2009-12-28,535,546,532,542,240500,542
2009-12-25,520,539,515,529,163800,529
2009-12-24,518,520,510,519,83700,519
2009-12-22,519,519,508,513,143100,513
2009-12-21,499,527,496,522,211500,522
2009-12-18,498,501,491,498,96700,498
2009-12-17,497,500,486,497,79700,497
2009-12-16,485,503,484,502,129400,502
2009-12-15,470,487,463,485,78800,485
2009-12-14,481,489,475,480,102400,480
2009-12-11,476,485,469,481,137300,481
2009-12-10,465,475,457,474,83200,474
2009-12-09,468,470,461,465,94400,465
2009-12-08,473,474,460,468,70300,468
2009-12-07,475,475,462,466,70900,466
2009-12-04,467,475,467,468,58800,468
2009-12-03,467,481,467,473,121700,473
2009-12-02,461,468,450,460,133100,460
2009-12-01,432,472,426,466,230100,466
2009-11-30,421,432,420,432,78400,432
2009-11-27,417,427,413,422,82700,422
2009-11-26,411,424,411,420,54600,420
2009-11-25,417,424,410,421,86300,421
2009-11-24,436,442,417,417,81600,417
2009-11-20,425,435,420,426,97500,426
2009-11-19,445,449,433,435,89000,435
2009-11-18,448,457,441,444,150100,444
2009-11-17,453,463,450,450,165200,450
2009-11-16,462,469,456,463,131700,463
2009-11-13,512,517,447,460,632900,460
2009-11-12,513,515,496,499,404400,499
2009-11-11,475,535,468,517,1119400,517
2009-11-10,467,471,446,455,138200,455
2009-11-09,454,455,447,452,60000,452
2009-11-06,450,457,447,450,63600,450
2009-11-05,462,469,455,455,69300,455
2009-11-04,466,473,460,471,65300,471
2009-11-02,461,462,451,462,40400,462
2009-10-30,463,469,455,460,89200,460
2009-10-29,445,463,443,455,93400,455
2009-10-28,470,476,450,455,96800,455
2009-10-27,462,465,455,463,93200,463
2009-10-26,449,463,445,462,62600,462
2009-10-23,460,466,442,449,104900,449
2009-10-22,453,464,449,464,69800,464
2009-10-21,456,470,456,463,70600,463
2009-10-20,459,463,455,462,64300,462
2009-10-19,452,454,441,454,42200,454
2009-10-16,446,456,441,456,93400,456
2009-10-15,435,446,435,445,119600,445
2009-10-14,445,447,432,437,81700,437
2009-10-13,449,453,444,445,93400,445
2009-10-09,454,454,441,444,110300,444
2009-10-08,460,460,441,446,87500,446
2009-10-07,435,460,435,456,138100,456
2009-10-06,438,447,437,440,76000,440
2009-10-05,439,450,436,443,49600,443
2009-10-02,445,446,438,441,62500,441
2009-10-01,457,458,448,451,95200,451
2009-09-30,449,463,446,463,98900,463
2009-09-29,474,480,451,454,97100,454
2009-09-28,488,488,468,479,85300,479
2009-09-25,494,496,481,484,87000,484
2009-09-24,485,492,482,492,116100,492
2009-09-18,488,488,469,480,84000,480
2009-09-17,490,491,475,484,57600,484
2009-09-16,490,494,482,485,107900,485
2009-09-15,475,485,470,479,83000,479
2009-09-14,489,490,479,480,61800,480
2009-09-11,491,493,486,486,140700,486
2009-09-10,467,487,467,486,120500,486
2009-09-09,464,479,460,467,117000,467
2009-09-08,458,465,456,463,40700,463
2009-09-07,457,465,456,459,85200,459
2009-09-04,478,481,460,462,136800,462
2009-09-03,481,486,479,479,81400,479
2009-09-02,490,490,481,486,114900,486
2009-09-01,485,496,481,495,111400,495
2009-08-31,490,496,483,483,135500,483
2009-08-28,496,496,485,485,80500,485
2009-08-27,491,504,491,493,205400,493
2009-08-26,491,495,489,494,69200,494
2009-08-25,492,493,484,490,96900,490
2009-08-24,484,493,484,489,73900,489
2009-08-21,492,492,482,484,65800,484
2009-08-20,478,490,477,490,95300,490
2009-08-19,478,481,476,478,75200,478
2009-08-18,480,485,475,483,91600,483
2009-08-17,490,490,484,488,73200,488
2009-08-14,495,496,490,491,71100,491
2009-08-13,488,494,488,494,91800,494
2009-08-12,488,493,483,490,83100,490
2009-08-11,493,495,490,491,104700,491
2009-08-10,489,496,481,494,218000,494
2009-08-07,496,496,484,494,115800,494
2009-08-06,485,497,481,496,111300,496
2009-08-05,497,498,488,489,84100,489
2009-08-04,497,499,493,495,135100,495
2009-08-03,488,493,481,492,93900,492
2009-07-31,482,485,477,478,75800,478
2009-07-30,483,486,475,478,113300,478
2009-07-29,485,488,482,487,63000,487
2009-07-28,487,490,484,490,65100,490
2009-07-27,498,498,486,486,124000,486
2009-07-24,500,501,487,493,115400,493
2009-07-23,500,505,491,493,277200,493
2009-07-22,498,523,496,506,943400,506
2009-07-21,445,473,444,473,158700,473
2009-07-17,446,446,437,441,61000,441
2009-07-16,443,454,433,434,110500,434
2009-07-15,448,449,430,438,115800,438
2009-07-14,417,449,413,433,203500,433
2009-07-13,441,443,400,407,241100,407
2009-07-10,443,449,441,446,113700,446
2009-07-09,440,455,436,450,137900,450
2009-07-08,467,467,452,457,147800,457
2009-07-07,485,489,472,472,167400,472
2009-07-06,496,496,480,483,144900,483
2009-07-03,484,491,480,491,120500,491
2009-07-02,489,495,484,489,244800,489
2009-07-01,478,487,475,484,238200,484
2009-06-30,481,493,471,480,264500,480
2009-06-29,481,498,475,481,439300,481
2009-06-26,471,483,460,477,407500,477
2009-06-25,470,483,459,461,284900,461
2009-06-24,475,478,448,457,343100,457
2009-06-23,490,491,471,480,384100,480
2009-06-22,490,510,482,498,397400,498
2009-06-19,532,534,484,484,496800,484
2009-06-18,550,550,527,531,203300,531
2009-06-17,532,545,529,540,194900,540
2009-06-16,555,555,526,530,228200,530
2009-06-15,582,585,563,563,313100,563
2009-06-12,553,586,553,572,1013300,572
2009-06-11,540,546,533,533,159300,533
2009-06-10,550,551,539,543,195100,543
2009-06-09,521,543,521,530,138500,530
2009-06-08,540,543,530,530,161500,530
2009-06-05,547,551,540,541,141500,541
2009-06-04,561,561,540,543,201400,543
2009-06-03,539,563,535,557,394400,557
2009-06-02,533,543,531,531,212700,531
2009-06-01,550,550,529,533,260500,533
2009-05-29,555,562,535,540,441700,540
2009-05-28,542,592,534,565,723900,565
2009-05-27,601,605,543,545,795900,545
2009-05-26,649,680,565,588,1257900,588
2009-05-25,571,631,569,619,1196900,619
2009-05-22,451,531,440,531,638100,531
2009-05-21,430,451,417,451,259600,451
2009-05-20,406,428,404,420,237100,420
2009-05-19,399,407,381,407,223300,407
2009-05-18,397,410,385,398,281900,398
2009-05-15,380,384,378,379,60100,379
2009-05-14,380,384,378,378,66500,378
2009-05-13,383,384,379,384,104000,384
2009-05-12,375,392,375,383,61900,383
2009-05-11,391,391,380,381,126700,381
2009-05-08,366,394,365,382,359000,382
2009-05-07,360,367,353,365,160100,365
2009-05-01,345,353,345,352,56400,352
2009-04-30,344,355,343,346,116400,346
2009-04-28,345,354,341,342,72000,342
2009-04-27,354,354,339,341,126100,341
2009-04-24,359,359,347,349,99500,349
2009-04-23,350,359,346,357,134600,357
2009-04-22,378,380,344,345,232400,345
2009-04-21,331,373,323,373,545600,373
2009-04-20,335,340,329,338,129900,338
2009-04-17,335,344,334,334,125900,334
2009-04-16,341,349,330,333,169800,333
2009-04-15,350,350,338,342,183000,342
2009-04-14,373,379,347,349,303700,349
2009-04-13,378,396,368,378,338500,378
2009-04-10,379,384,354,363,598900,363
2009-04-09,347,355,336,354,1213900,354
2009-04-08,290,367,287,346,1499700,346
2009-04-07,301,301,292,292,60700,292
2009-04-06,306,306,300,301,66300,301
2009-04-03,310,311,293,300,90400,300
2009-04-02,300,309,294,302,118900,302
2009-04-01,280,297,271,294,246900,294
2009-03-31,310,312,288,289,277700,289
2009-03-30,322,325,312,315,220700,315
2009-03-27,326,339,325,327,229900,327
2009-03-26,310,323,305,323,248700,323
2009-03-25,310,326,304,322,317800,322
2009-03-24,311,322,308,310,324800,310
2009-03-23,283,304,282,303,294900,303
2009-03-19,278,289,276,286,145500,286
2009-03-18,277,280,272,280,233000,280
2009-03-17,279,281,261,263,308800,263
2009-03-16,270,287,270,284,308300,284
2009-03-13,257,272,257,268,361000,268
2009-03-12,257,262,247,254,278900,254
2009-03-11,231,253,231,247,280700,247
2009-03-10,220,238,220,229,132600,229
2009-03-09,216,224,214,223,92100,223
2009-03-06,206,220,206,212,150300,212
2009-03-05,210,214,207,207,95000,207
2009-03-04,211,211,205,208,68700,208
2009-03-03,205,218,204,215,58400,215
2009-03-02,205,206,204,206,28100,206
2009-02-27,206,211,205,205,69200,205
2009-02-26,204,209,204,208,54300,208
2009-02-25,218,220,205,208,79500,208
2009-02-24,204,210,202,210,66900,210
2009-02-23,222,223,205,206,111600,206
2009-02-20,230,233,228,229,69000,229
2009-02-19,235,237,230,232,64500,232
2009-02-18,235,237,235,237,42000,237
2009-02-17,237,238,236,236,34300,236
2009-02-16,233,241,231,239,54600,239
2009-02-13,238,238,234,235,61300,235
2009-02-12,235,238,231,237,103900,237
2009-02-10,237,243,237,240,70500,240
2009-02-09,241,247,237,239,103200,239
2009-02-06,239,240,237,239,78300,239
2009-02-05,243,244,240,241,59500,241
2009-02-04,243,244,234,243,94700,243
2009-02-03,250,250,241,241,64400,241
2009-02-02,251,253,250,252,45900,252
2009-01-30,249,253,247,251,80700,251
2009-01-29,249,253,249,253,103500,253
2009-01-28,239,247,237,246,96700,246
2009-01-27,235,239,235,239,42700,239
2009-01-26,242,244,233,235,97400,235
2009-01-23,234,240,233,239,126700,239
2009-01-22,234,235,229,234,114100,234
2009-01-21,232,235,230,231,151500,231
2009-01-20,236,237,232,233,78400,233
2009-01-19,243,243,236,237,84600,237
2009-01-16,237,243,235,240,188700,240
2009-01-15,243,243,238,238,96100,238
2009-01-14,251,252,243,246,138400,246
2009-01-13,260,260,250,253,120800,253
2009-01-09,259,262,258,260,49300,260
2009-01-08,260,262,254,255,139500,255
2009-01-07,265,267,262,263,111900,263
2009-01-06,264,272,258,262,132400,262
2009-01-05,279,280,264,268,85700,268
2008-12-30,266,278,266,274,57200,274
2008-12-29,261,267,259,265,72400,265
2008-12-26,263,263,256,260,25500,260
2008-12-25,263,263,249,259,79300,259
2008-12-24,252,255,249,255,83700,255
2008-12-22,255,259,252,256,64700,256
2008-12-19,265,268,252,252,136000,252
2008-12-18,250,259,243,255,243100,255
2008-12-17,283,283,258,258,174700,258
2008-12-16,268,279,268,275,79300,275
2008-12-15,278,282,273,276,112300,276
2008-12-12,289,289,271,276,188200,276
2008-12-11,277,290,277,289,88100,289
2008-12-10,277,292,275,287,128900,287
2008-12-09,277,281,270,273,169500,273
2008-12-08,261,272,257,268,181600,268
2008-12-05,251,260,248,255,147200,255
2008-12-04,243,259,242,251,190500,251
2008-12-03,236,248,233,247,222500,247
2008-12-02,232,237,230,232,149000,232
2008-12-01,233,240,231,237,349900,237
2008-11-28,249,249,228,229,425800,229
2008-11-27,259,269,246,249,164800,249
2008-11-26,268,270,254,259,111300,259
2008-11-25,283,285,259,270,198200,270
2008-11-21,265,270,249,258,372100,258
2008-11-20,298,301,270,270,288700,270
2008-11-19,344,344,296,296,295100,296
2008-11-18,337,344,330,343,48500,343
2008-11-17,328,339,324,336,44000,336
2008-11-14,345,345,324,327,96500,327
2008-11-13,331,332,316,328,70100,328
2008-11-12,350,355,321,341,175600,341
2008-11-11,395,395,360,360,93400,360
2008-11-10,405,407,389,397,48400,397
2008-11-07,379,405,378,392,51900,392
2008-11-06,402,422,392,409,77500,409
2008-11-05,388,417,385,417,86100,417
2008-11-04,363,380,360,375,69800,375
2008-10-31,365,379,359,368,102500,368
2008-10-30,349,366,345,360,78000,360
2008-10-29,358,360,325,336,67300,336
2008-10-28,302,320,298,320,89900,320
2008-10-27,323,326,302,304,67600,304
2008-10-24,333,339,310,313,81700,313
2008-10-23,331,347,325,340,52700,340
2008-10-22,359,367,347,347,35300,347
2008-10-21,366,384,366,375,39500,375
2008-10-20,350,370,345,370,50300,370
2008-10-17,348,358,335,343,54200,343
2008-10-16,350,356,333,343,72100,343
2008-10-15,373,385,362,381,86100,381
2008-10-14,350,400,350,370,140900,370
2008-10-10,324,336,304,336,113600,336
2008-10-09,300,332,300,325,136100,325
2008-10-08,321,337,300,300,103800,300
2008-10-07,335,352,326,331,186300,331
2008-10-06,400,400,380,380,70900,380
2008-10-03,422,427,404,405,88000,405
2008-10-02,433,440,424,427,39000,427
2008-10-01,430,436,415,431,57600,431
2008-09-30,404,415,403,415,40900,415
2008-09-29,429,429,420,421,43900,421
2008-09-26,439,439,424,430,69600,430
2008-09-25,448,448,425,434,59600,434
2008-09-24,445,446,434,443,82500,443
2008-09-22,456,457,444,445,78500,445
2008-09-19,434,453,434,451,125800,451
2008-09-18,430,440,416,439,94000,439
2008-09-17,452,457,433,437,122400,437
2008-09-16,418,471,401,455,425700,455
2008-09-12,433,436,429,433,104800,433
2008-09-11,458,458,435,437,109900,437
2008-09-10,465,469,436,453,99000,453
2008-09-09,475,476,469,469,110300,469
2008-09-08,480,489,471,474,97900,474
2008-09-05,470,490,468,478,187900,478
2008-09-04,498,499,482,482,74000,482
2008-09-03,497,504,497,502,38800,502
2008-09-02,501,510,497,499,68200,499
2008-09-01,510,510,502,502,31500,502
2008-08-29,506,517,505,517,71500,517
2008-08-28,504,505,497,500,42100,500
2008-08-27,510,512,501,502,35100,502
2008-08-26,514,514,505,513,40500,513
2008-08-25,515,520,510,515,35300,515
2008-08-22,504,510,504,509,66300,509
2008-08-21,508,512,505,507,97300,507
2008-08-20,502,516,502,514,70500,514
2008-08-19,523,523,503,507,85400,507
2008-08-18,508,520,506,518,63200,518
2008-08-15,507,513,505,513,33600,513
2008-08-14,510,511,502,507,52800,507
2008-08-13,517,518,505,510,61300,510
2008-08-12,537,537,522,522,67000,522
2008-08-11,521,536,521,531,90900,531
2008-08-08,536,546,526,544,39500,544
2008-08-07,545,545,535,540,62900,540
2008-08-06,544,550,540,550,51600,550
2008-08-05,545,548,531,535,60800,535
2008-08-04,553,555,520,547,80700,547
2008-08-01,548,550,536,548,54300,548
2008-07-31,558,560,547,558,33600,558
2008-07-30,535,549,535,548,80400,548
2008-07-29,538,538,523,530,43800,530
2008-07-28,552,552,544,548,30500,548
2008-07-25,559,559,542,543,48800,543
2008-07-24,545,554,543,554,68400,554
2008-07-23,553,556,542,543,57800,543
2008-07-22,540,549,540,549,38200,549
2008-07-18,549,549,531,537,76200,537
2008-07-17,521,526,516,526,52000,526
2008-07-16,511,528,505,523,32500,523
2008-07-15,534,534,516,520,58600,520
2008-07-14,522,531,521,524,40400,524
2008-07-11,538,538,521,524,48900,524
2008-07-10,506,535,506,532,87700,532
2008-07-09,511,522,511,516,109600,516
2008-07-08,521,521,506,511,67500,511
2008-07-07,522,528,518,518,63300,518
2008-07-04,525,530,522,529,33500,529
2008-07-03,547,547,523,530,65000,530
2008-07-02,542,544,532,537,60900,537
2008-07-01,549,552,545,549,28300,549
2008-06-30,550,557,550,551,31400,551
2008-06-27,552,556,543,553,31900,553
2008-06-26,563,575,558,562,27400,562
2008-06-25,576,576,553,566,75300,566
2008-06-24,559,572,555,568,34600,568
2008-06-23,569,575,561,569,53700,569
2008-06-20,589,589,577,578,55400,578
2008-06-19,589,590,577,580,63100,580
2008-06-18,582,590,582,587,48300,587
2008-06-17,589,590,580,588,100600,588
2008-06-16,580,584,579,582,47200,582
2008-06-13,584,589,575,585,89300,585
2008-06-12,582,592,572,590,140900,590
2008-06-11,573,585,573,578,83700,578
2008-06-10,587,592,583,583,125200,583
2008-06-09,567,592,565,588,91000,588
2008-06-06,585,589,580,585,134200,585
2008-06-05,576,577,568,576,89400,576
2008-06-04,558,566,553,566,62800,566
2008-06-03,567,567,550,559,61800,559
2008-06-02,545,575,544,572,114500,572
2008-05-30,540,555,540,555,87200,555
2008-05-29,531,540,530,538,99800,538
2008-05-28,536,542,531,533,98400,533
2008-05-27,535,547,535,544,62300,544
2008-05-26,554,554,536,536,49700,536
2008-05-23,545,547,536,545,147700,545
2008-05-22,549,559,545,554,140100,554
2008-05-21,558,566,552,559,129600,559
2008-05-20,590,590,562,567,178500,567
2008-05-19,570,605,567,595,371300,595
2008-05-16,530,618,530,615,430600,615
2008-05-15,536,564,535,558,148300,558
2008-05-14,527,537,524,532,106300,532
2008-05-13,532,539,524,524,60000,524
2008-05-12,520,538,490,535,110600,535
2008-05-09,531,540,519,521,75900,521
2008-05-08,518,539,515,536,89600,536
2008-05-07,516,530,515,521,98600,521
2008-05-02,512,518,510,516,48500,516
2008-05-01,517,522,515,516,36700,516
2008-04-30,518,528,516,524,53700,524
2008-04-28,521,524,515,521,54200,521
2008-04-25,519,524,511,518,61400,518
2008-04-24,510,515,508,512,57900,512
2008-04-23,504,514,504,508,24300,508
2008-04-22,509,512,502,503,39700,503
2008-04-21,510,515,507,510,44300,510
2008-04-18,501,502,498,502,45500,502
2008-04-17,500,504,498,499,46900,499
2008-04-16,486,502,485,498,54300,498
2008-04-15,485,489,481,489,64900,489
2008-04-14,480,498,480,487,79300,487
2008-04-11,477,497,477,497,79100,497
2008-04-10,480,485,472,476,126400,476
2008-04-09,501,508,496,501,43400,501
2008-04-08,510,513,501,501,67400,501
2008-04-07,512,516,509,512,44500,512
2008-04-04,507,519,507,516,31900,516
2008-04-03,522,523,507,517,58900,517
2008-04-02,517,529,516,522,60700,522
2008-04-01,508,512,500,509,86100,509
2008-03-31,526,533,510,516,65200,516
2008-03-28,527,534,511,534,79200,534
2008-03-27,509,527,505,525,33400,525
2008-03-26,501,524,501,518,76100,518
2008-03-25,537,540,526,531,127500,531
2008-03-24,519,535,519,526,53000,526
2008-03-21,498,522,498,519,70600,519
2008-03-19,491,505,488,503,74400,503
2008-03-18,466,486,464,486,52400,486
2008-03-17,480,487,468,476,88700,476
2008-03-14,505,505,477,479,151700,479
2008-03-13,500,510,497,506,100600,506
2008-03-12,523,526,502,510,89000,510
2008-03-11,500,505,486,505,171200,505
2008-03-10,510,518,503,504,83700,504
2008-03-07,521,528,512,518,115500,518
2008-03-06,529,535,524,531,114600,531
2008-03-05,521,535,521,529,101600,529
2008-03-04,533,549,533,537,150800,537
2008-03-03,537,542,530,535,119900,535
2008-02-29,550,560,550,552,100200,552
2008-02-28,572,572,551,563,212300,563
2008-02-27,580,584,572,577,149100,577
2008-02-26,562,575,553,575,189800,575
2008-02-25,564,566,542,554,151700,554
2008-02-22,533,555,523,554,251700,554
2008-02-21,516,527,514,526,124800,526
2008-02-20,513,521,503,508,193000,508
2008-02-19,494,517,491,511,243800,511
2008-02-18,488,496,486,488,174300,488
2008-02-15,464,479,462,478,138400,478
2008-02-14,465,471,460,466,118000,466
2008-02-13,474,474,458,458,184300,458
2008-02-12,455,472,455,468,191400,468
2008-02-08,492,502,480,480,173500,480
2008-02-07,486,492,481,489,152100,489
2008-02-06,500,500,482,486,176700,486
2008-02-05,514,514,499,511,156800,511
2008-02-04,518,518,504,507,91000,507
2008-02-01,500,520,500,506,248600,506
2008-01-31,487,508,482,507,214700,507
2008-01-30,487,498,483,486,183300,486
2008-01-29,497,503,487,495,173800,495
2008-01-28,490,496,472,476,221900,476
2008-01-25,478,502,476,502,261600,502
2008-01-24,474,490,474,490,224800,490
2008-01-23,460,483,450,464,194900,464
2008-01-22,474,480,457,457,235100,457
2008-01-21,487,498,475,475,228000,475
2008-01-18,469,494,460,492,274900,492
2008-01-17,458,471,453,470,271600,470
2008-01-16,480,480,458,460,326700,460
2008-01-15,511,511,483,483,321300,483
2008-01-11,534,538,515,517,237100,517
2008-01-10,544,544,530,534,165700,534
2008-01-09,527,543,521,542,140600,542
2008-01-08,530,535,527,532,138400,532
2008-01-07,536,541,527,533,233800,533
2008-01-04,565,565,532,536,157100,536
2007-12-28,563,565,552,565,75100,565
2007-12-27,554,570,547,570,210400,570
2007-12-26,542,550,536,549,150700,549
2007-12-25,550,554,530,532,226800,532
2007-12-21,526,536,526,528,160700,528
2007-12-20,544,545,529,531,310100,531
2007-12-19,553,562,534,534,294300,534
2007-12-18,544,558,542,554,185200,554
2007-12-17,564,566,544,544,301900,544
2007-12-14,577,585,557,562,348600,562
2007-12-13,585,586,575,575,241800,575
2007-12-12,573,588,571,586,274500,586
2007-12-11,580,581,573,578,204200,578
2007-12-10,559,581,558,580,327800,580
2007-12-07,574,574,555,558,451200,558
2007-12-06,543,585,543,568,609400,568
2007-12-05,568,572,542,544,625400,544
2007-12-04,593,594,566,567,231300,567
2007-12-03,581,592,576,592,244700,592
2007-11-30,572,588,569,581,364700,581
2007-11-29,577,578,570,572,184300,572
2007-11-28,558,571,557,567,229400,567
2007-11-27,545,555,533,553,431600,553
2007-11-26,549,549,535,535,275100,535
2007-11-22,537,547,531,543,305000,543
2007-11-21,533,552,525,536,513000,536
2007-11-20,546,551,534,543,727500,543
2007-11-19,586,599,566,566,791700,566
2007-11-16,667,674,660,666,282400,666
2007-11-15,688,691,667,674,275100,674
2007-11-14,653,683,651,683,225400,683
2007-11-13,655,660,635,643,239100,643
2007-11-12,660,666,645,652,230900,652
2007-11-09,674,675,667,667,226900,667
2007-11-08,663,682,660,675,265800,675
2007-11-07,685,685,666,666,181600,666
2007-11-06,673,685,673,675,107700,675
2007-11-05,705,707,671,677,244900,677
2007-11-02,701,711,697,701,264200,701
2007-11-01,715,725,700,717,260600,717
2007-10-31,672,695,667,695,206200,695
2007-10-30,674,679,666,679,115800,679
2007-10-29,672,679,670,674,134400,674
2007-10-26,659,669,659,664,166700,664
2007-10-25,672,672,653,661,230300,661
2007-10-24,665,675,661,668,222000,668
2007-10-23,673,676,662,669,220200,669
2007-10-22,665,680,650,673,200900,673
2007-10-19,685,685,668,675,165500,675
2007-10-18,670,685,670,684,280300,684
2007-10-17,671,694,665,673,326600,673
2007-10-16,716,718,678,684,522700,684
2007-10-15,750,750,715,720,286000,720
2007-10-12,716,726,708,721,251200,721
2007-10-11,697,711,692,706,210800,706
2007-10-10,699,708,685,689,333200,689
2007-10-09,701,705,691,699,346800,699
2007-10-05,695,706,692,703,230700,703
2007-10-04,700,710,681,693,244000,693
2007-10-03,703,714,691,702,325900,702
2007-10-02,683,700,683,693,223300,693
2007-10-01,696,698,664,677,334800,677
2007-09-28,737,767,681,696,433900,696
2007-09-27,688,730,686,728,514700,728
2007-09-26,640,679,640,673,377300,673
2007-09-25,661,662,626,637,278900,637
2007-09-21,670,673,657,667,229500,667
2007-09-20,686,689,658,669,298000,669
2007-09-19,683,697,675,683,592600,683
2007-09-18,701,703,670,675,361000,675
2007-09-14,721,738,704,720,264300,720
2007-09-13,740,741,723,727,298500,727
2007-09-12,770,793,753,759,233100,759
2007-09-11,776,776,736,763,475400,763
2007-09-10,783,802,767,775,450700,775
2007-09-07,825,834,813,816,252700,816
2007-09-06,840,840,813,830,232000,830
2007-09-05,876,878,840,846,303300,846
2007-09-04,877,888,876,880,109200,880
2007-09-03,895,895,877,882,141200,882
2007-08-31,898,899,873,888,360700,888
2007-08-30,934,934,896,908,164600,908
2007-08-29,902,940,901,933,179600,933
2007-08-28,910,945,906,932,196500,932
2007-08-27,930,939,903,909,157700,909
2007-08-24,919,921,906,920,128400,920
2007-08-23,902,915,898,912,221400,912
2007-08-22,899,918,875,882,132700,882
2007-08-21,867,898,865,893,268500,893
2007-08-20,920,920,853,857,467900,857
2007-08-17,948,955,869,870,462800,870
2007-08-16,950,974,936,965,246100,965
2007-08-15,988,989,961,965,255700,965
2007-08-14,931,1018,931,998,606800,998
2007-08-13,893,943,885,943,576000,943
2007-08-10,930,937,830,843,1158700,843
2007-08-09,964,969,911,930,1036000,930
2007-08-08,1039,1039,974,979,344700,979
2007-08-07,1054,1059,1042,1051,100700,1051
2007-08-06,1055,1063,1047,1051,154200,1051
2007-08-03,1084,1098,1059,1069,179300,1069
2007-08-02,1095,1100,1068,1094,144700,1094
2007-08-01,1132,1133,1091,1094,131000,1094
2007-07-31,1140,1140,1116,1134,123300,1134
2007-07-30,1093,1139,1081,1131,318100,1131
2007-07-27,1054,1092,1051,1063,169800,1063
2007-07-26,1097,1105,1081,1084,154200,1084
2007-07-25,1123,1123,1099,1114,141600,1114
2007-07-24,1103,1133,1103,1132,205200,1132
2007-07-23,1122,1122,1092,1102,185900,1102
2007-07-20,1140,1148,1113,1121,152000,1121
2007-07-19,1133,1162,1130,1154,201700,1154
2007-07-18,1123,1132,1112,1119,204200,1119
2007-07-17,1145,1147,1119,1143,278600,1143
2007-07-13,1182,1199,1171,1174,202700,1174
2007-07-12,1190,1215,1172,1177,213100,1177
2007-07-11,1190,1203,1186,1192,188400,1192
2007-07-10,1213,1216,1200,1207,162800,1207
2007-07-09,1245,1263,1231,1233,205600,1233
2007-07-06,1245,1249,1225,1237,201500,1237
2007-07-05,1251,1258,1233,1244,131500,1244
2007-07-04,1240,1266,1240,1253,158500,1253
2007-07-03,1261,1270,1226,1238,248700,1238
2007-07-02,1233,1272,1225,1261,366300,1261
2007-06-29,1225,1232,1221,1225,203600,1225
2007-06-28,1205,1233,1205,1230,323500,1230
2007-06-27,1169,1198,1161,1185,211800,1185
2007-06-26,1167,1182,1141,1177,294500,1177
2007-06-25,1230,1231,1161,1166,556100,1166
2007-06-22,1201,1233,1200,1230,519100,1230
2007-06-21,1168,1222,1162,1210,870900,1210
2007-06-20,1170,1170,1159,1161,201800,1161
2007-06-19,1152,1165,1143,1157,318100,1157
2007-06-18,1178,1203,1151,1163,805800,1163
2007-06-15,1081,1118,1077,1118,390700,1118
2007-06-14,1059,1091,1045,1079,441400,1079
2007-06-13,1019,1040,1018,1039,125600,1039
2007-06-12,1050,1054,1023,1039,209000,1039
2007-06-11,1033,1057,1030,1056,340800,1056
2007-06-08,1025,1026,1011,1020,316900,1020
2007-06-07,1010,1030,1005,1029,297800,1029
2007-06-06,999,1014,997,1007,216400,1007
2007-06-05,993,1008,983,993,152100,993
2007-06-04,1011,1016,998,999,212400,999
2007-06-01,986,1017,986,1006,361100,1006
2007-05-31,986,997,968,981,351800,981
2007-05-30,973,992,962,990,489900,990
2007-05-29,951,965,950,953,225000,953
2007-05-28,964,970,946,952,285400,952
2007-05-25,992,992,954,955,358100,955
2007-05-24,979,991,970,987,369100,987
2007-05-23,953,982,953,975,312100,975
2007-05-22,921,943,916,943,267900,943
2007-05-21,932,938,912,919,284900,919
2007-05-18,950,955,921,931,212300,931
2007-05-17,947,964,938,940,185300,940
2007-05-16,939,974,929,945,459800,945
2007-05-15,940,940,905,928,219300,928
2007-05-14,948,954,940,942,180800,942
2007-05-11,951,958,933,938,276100,938
2007-05-10,957,959,950,951,142900,951
2007-05-09,965,966,947,951,177200,951
2007-05-08,963,968,961,964,143100,964
2007-05-07,967,969,950,958,169700,958
2007-05-02,961,968,945,948,175700,948
2007-05-01,972,973,961,962,103800,962
2007-04-27,964,978,963,964,140100,964
2007-04-26,967,977,963,974,101500,974
2007-04-25,968,970,959,960,84400,960
2007-04-24,962,969,955,964,121500,964
2007-04-23,964,976,955,965,213100,965
2007-04-20,961,964,953,954,163100,954
2007-04-19,985,988,967,967,137700,967
2007-04-18,975,988,975,984,102600,984
2007-04-17,979,989,970,972,136000,972
2007-04-16,993,994,974,977,212200,977
2007-04-13,1002,1007,993,996,126200,996
2007-04-12,1012,1013,1005,1007,75200,1007
2007-04-11,1011,1015,1006,1010,90300,1010
2007-04-10,1000,1013,996,1010,102800,1010
2007-04-09,1005,1012,1003,1009,72400,1009
2007-04-06,1010,1012,997,999,102900,999
2007-04-05,1015,1015,1002,1005,63300,1005
2007-04-04,1002,1014,1002,1014,110400,1014
2007-04-03,1001,1010,993,997,121700,997
2007-04-02,1017,1019,995,1001,247200,1001
2007-03-30,995,1008,990,1006,106000,1006
2007-03-29,990,992,977,987,101800,987
2007-03-28,991,1000,990,996,92900,996
2007-03-27,1005,1006,995,999,118000,999
2007-03-26,1014,1019,1004,1011,153100,1011
2007-03-23,1006,1007,996,1004,96600,1004
2007-03-22,999,1004,993,996,172500,996
2007-03-20,996,1007,986,992,150600,992
2007-03-19,997,997,982,986,143700,986
2007-03-16,997,997,988,991,111000,991
2007-03-15,1007,1007,985,987,178900,987
2007-03-14,1000,1007,992,992,197300,992
2007-03-13,1024,1030,1011,1013,175500,1013
2007-03-12,1025,1034,1023,1034,103900,1034
2007-03-09,1015,1026,1015,1023,186600,1023
2007-03-08,1032,1032,1010,1023,186100,1023
2007-03-07,1039,1042,1020,1034,229500,1034
2007-03-06,1000,1025,996,1025,147300,1025
2007-03-05,1046,1046,1008,1008,247500,1008
2007-03-02,1035,1047,1026,1045,166500,1045
2007-03-01,1057,1057,1026,1038,151600,1038
2007-02-28,1030,1059,1001,1057,341900,1057
2007-02-27,1060,1071,1058,1068,193400,1068
2007-02-26,1087,1087,1052,1053,227600,1053
2007-02-23,1090,1091,1055,1077,209100,1077
2007-02-22,1100,1110,1078,1085,345800,1085
2007-02-21,1090,1094,1051,1064,287500,1064
2007-02-20,1051,1080,1036,1079,363500,1079
2007-02-19,1036,1055,1025,1052,363500,1052
2007-02-16,1021,1033,1009,1030,277700,1030
2007-02-15,1004,1030,1003,1020,222300,1020
2007-02-14,1016,1016,995,996,340000,996
2007-02-13,1033,1045,1014,1015,271700,1015
2007-02-09,1027,1035,1016,1031,165300,1031
2007-02-08,1026,1030,1013,1016,236800,1016
2007-02-07,1025,1027,1012,1025,214300,1025
2007-02-06,1005,1029,1005,1023,144500,1023
2007-02-05,1020,1020,1004,1007,153600,1007
2007-02-02,1008,1023,1008,1019,110300,1019
2007-02-01,1008,1018,1002,1015,129800,1015
2007-01-31,1024,1024,1011,1014,87800,1014
2007-01-30,1038,1039,1027,1030,122200,1030
2007-01-29,1033,1042,1033,1040,71800,1040
2007-01-26,1041,1044,1030,1032,183000,1032
2007-01-25,1050,1058,1045,1054,246900,1054
2007-01-24,1042,1050,1040,1045,145400,1045
2007-01-23,1054,1054,1030,1041,218600,1041
2007-01-22,1050,1061,1041,1060,173100,1060
2007-01-19,1050,1053,1030,1046,231200,1046
2007-01-18,1017,1059,1009,1050,425900,1050
2007-01-17,1003,1016,976,1008,559000,1008
2007-01-16,991,1016,976,1016,322200,1016
2007-01-15,980,990,967,990,315500,990
2007-01-12,968,977,955,975,341800,975
2007-01-11,976,979,961,967,344000,967
2007-01-10,986,990,969,981,358300,981
2007-01-09,1017,1017,984,996,493100,996
2007-01-05,1024,1024,1006,1015,369200,1015
2007-01-04,1000,1008,990,1004,138200,1004
2006-12-29,980,989,980,987,88100,987
2006-12-28,964,990,964,983,253000,983
2006-12-27,978,979,953,962,344000,962
2006-12-26,946,969,931,968,251600,968
2006-12-25,962,963,947,949,198400,949
2006-12-22,962,968,951,952,247900,952
2006-12-21,959,972,952,963,524200,963
2006-12-20,970,970,955,966,515100,966
2006-12-19,1008,1011,977,980,532000,980
2006-12-18,1015,1025,1005,1012,260300,1012
2006-12-15,1001,1025,1001,1021,454700,1021
2006-12-14,1018,1031,1006,1014,554600,1014
2006-12-13,1028,1043,1028,1036,210900,1036
2006-12-12,1051,1053,1022,1029,540000,1029
2006-12-11,1059,1068,1051,1060,228900,1060
2006-12-08,1080,1080,1051,1051,266300,1051
2006-12-07,1087,1099,1077,1086,363500,1086
2006-12-06,1078,1084,1060,1067,208200,1067
2006-12-05,1104,1107,1070,1090,227000,1090
2006-12-04,1062,1089,1053,1089,217800,1089
2006-12-01,1053,1075,1045,1055,184800,1055
2006-11-30,1054,1058,1031,1040,196000,1040
2006-11-29,1020,1054,1019,1054,208000,1054
2006-11-28,1010,1031,996,1019,309200,1019
2006-11-27,1006,1027,1000,1020,263700,1020
2006-11-24,1040,1050,1009,1026,220900,1026
2006-11-22,1001,1039,985,1039,234800,1039
2006-11-21,1065,1065,1017,1025,158600,1025
2006-11-20,1112,1119,1060,1065,166600,1065
2006-11-17,1130,1135,1116,1116,108300,1116
2006-11-16,1150,1155,1115,1115,160000,1115
2006-11-15,1159,1168,1155,1161,156800,1161
2006-11-14,1149,1173,1143,1153,298800,1153
2006-11-13,1196,1200,1182,1189,92300,1189
2006-11-10,1224,1231,1195,1196,121500,1196
2006-11-09,1231,1237,1220,1225,174400,1225
2006-11-08,1302,1302,1274,1277,86600,1277
2006-11-07,1305,1314,1297,1306,42700,1306
2006-11-06,1310,1320,1306,1309,83200,1309
2006-11-02,1315,1316,1304,1312,38800,1312
2006-11-01,1300,1316,1300,1305,37300,1305
2006-10-31,1310,1317,1301,1305,43500,1305
2006-10-30,1315,1321,1298,1308,83500,1308
2006-10-27,1333,1333,1311,1319,65100,1319
2006-10-26,1325,1335,1321,1330,40800,1330
2006-10-25,1328,1342,1325,1327,46700,1327
2006-10-24,1338,1345,1330,1333,34100,1333
2006-10-23,1323,1346,1315,1337,49700,1337
2006-10-20,1328,1334,1316,1331,53900,1331
2006-10-19,1333,1335,1322,1330,51800,1330
2006-10-18,1325,1327,1313,1325,54100,1325
2006-10-17,1360,1360,1325,1335,54200,1335
2006-10-16,1311,1348,1311,1340,88300,1340
2006-10-13,1310,1327,1295,1306,79600,1306
2006-10-12,1282,1307,1278,1295,68300,1295
2006-10-11,1342,1349,1317,1320,101600,1320
2006-10-10,1350,1362,1340,1341,64600,1341
2006-10-06,1380,1380,1360,1363,38800,1363
2006-10-05,1364,1374,1351,1370,66500,1370
2006-10-04,1368,1392,1355,1356,64500,1356
2006-10-03,1393,1393,1373,1377,26200,1377
2006-10-02,1404,1407,1391,1398,37200,1398
2006-09-29,1400,1410,1393,1407,86900,1407
2006-09-28,1390,1391,1366,1390,62400,1390
2006-09-27,1338,1370,1333,1370,72600,1370
2006-09-26,1349,1349,1308,1328,122000,1328
2006-09-25,1345,1365,1321,1363,77700,1363
2006-09-22,1350,1358,1340,1346,78300,1346
2006-09-21,1380,1380,1344,1357,85700,1357
2006-09-20,1337,1360,1331,1350,108500,1350
2006-09-19,1351,1370,1331,1338,88000,1338
2006-09-15,1345,1352,1328,1347,71000,1347
2006-09-14,1354,1362,1340,1348,67800,1348
2006-09-13,1388,1388,1343,1345,114000,1345
2006-09-12,1388,1388,1369,1376,104300,1376
2006-09-11,1400,1400,1365,1368,154900,1368
2006-09-08,1390,1404,1385,1395,273100,1395
2006-09-07,1438,1440,1410,1413,171400,1413
2006-09-06,1461,1464,1443,1447,131800,1447
2006-09-05,1472,1484,1469,1475,45600,1475
2006-09-04,1499,1500,1470,1473,90500,1473
2006-09-01,1505,1505,1469,1490,81500,1490
2006-08-31,1497,1510,1480,1504,118600,1504
2006-08-30,1465,1485,1461,1476,120200,1476
2006-08-29,1464,1494,1455,1485,161300,1485
2006-08-28,1454,1469,1439,1446,144200,1446
2006-08-25,1460,1483,1460,1474,107700,1474
2006-08-24,1500,1502,1468,1471,97600,1471
2006-08-23,1490,1495,1480,1487,89200,1487
2006-08-22,1510,1510,1483,1504,56200,1504
2006-08-21,1497,1505,1482,1493,125700,1493
2006-08-18,1504,1518,1500,1509,152600,1509
2006-08-17,1520,1520,1470,1500,195100,1500
2006-08-16,1524,1527,1504,1519,109800,1519
2006-08-15,1485,1523,1485,1516,143300,1516
2006-08-14,1458,1509,1458,1509,83500,1509
2006-08-11,1443,1465,1443,1457,97200,1457
2006-08-10,1425,1484,1425,1481,218400,1481
2006-08-09,1401,1437,1395,1427,190900,1427
2006-08-08,1436,1446,1415,1422,81200,1422
2006-08-07,1448,1466,1428,1438,128400,1438
2006-08-04,1454,1460,1434,1447,173400,1447
2006-08-03,1460,1474,1441,1453,81000,1453
2006-08-02,1439,1495,1434,1476,149500,1476
2006-08-01,1421,1455,1414,1438,165200,1438
2006-07-31,1451,1464,1427,1433,166600,1433
2006-07-28,1439,1442,1421,1434,138500,1434
2006-07-27,1438,1479,1427,1439,230700,1439
2006-07-26,1460,1485,1423,1436,84200,1436
2006-07-25,1477,1489,1443,1470,90700,1470
2006-07-24,1450,1480,1421,1437,120100,1437
2006-07-21,1479,1510,1473,1487,215300,1487
2006-07-20,1514,1520,1442,1459,175500,1459
2006-07-19,1427,1469,1409,1415,304500,1415
2006-07-18,1461,1479,1407,1408,351500,1408
2006-07-14,1499,1516,1480,1481,155900,1481
2006-07-13,1502,1536,1492,1529,155600,1529
2006-07-12,1552,1568,1520,1529,101500,1529
2006-07-11,1600,1602,1546,1570,129400,1570
2006-07-10,1610,1610,1545,1588,204200,1588
2006-07-07,1632,1638,1611,1615,385000,1615
2006-07-06,1600,1605,1587,1602,265000,1602
2006-07-05,1567,1585,1566,1585,201400,1585
2006-07-04,1564,1578,1554,1569,189000,1569
2006-07-03,1551,1564,1545,1556,126800,1556
2006-06-30,1520,1564,1520,1550,298700,1550
2006-06-29,1510,1547,1510,1518,187600,1518
2006-06-28,1495,1534,1493,1526,160100,1526
2006-06-27,1530,1539,1502,1520,199700,1520
2006-06-26,1500,1570,1486,1540,759600,1540
2006-06-23,1450,1454,1426,1445,77400,1445
2006-06-22,1449,1475,1441,1462,127600,1462
2006-06-21,1435,1485,1420,1429,59600,1429
2006-06-20,1424,1447,1420,1435,144800,1435
2006-06-19,1486,1486,1457,1464,116400,1464
2006-06-16,1460,1520,1460,1486,252300,1486
2006-06-15,1470,1475,1441,1465,200800,1465
2006-06-14,1362,1461,1356,1461,334600,1461
2006-06-13,1410,1416,1382,1382,61800,1382
2006-06-12,1374,1436,1361,1430,143000,1430
2006-06-09,1330,1366,1322,1359,171000,1359
2006-06-08,1337,1359,1318,1331,248100,1331
2006-06-07,1402,1417,1372,1377,203600,1377
2006-06-06,1438,1455,1411,1439,155500,1439
2006-06-05,1432,1460,1426,1453,146600,1453
2006-06-02,1410,1440,1360,1436,240600,1436
2006-06-01,1415,1461,1415,1443,251600,1443
2006-05-31,1400,1430,1393,1393,162800,1393
2006-05-30,1430,1455,1426,1449,103300,1449
2006-05-29,1400,1469,1399,1440,279200,1440
2006-05-26,1380,1395,1375,1392,128800,1392
2006-05-25,1366,1386,1336,1348,182300,1348
2006-05-24,1336,1362,1320,1346,178600,1346
2006-05-23,1314,1357,1314,1340,198900,1340
2006-05-22,1332,1349,1319,1320,157900,1320
2006-05-19,1342,1356,1312,1352,147500,1352
2006-05-18,1360,1382,1340,1366,85200,1366
2006-05-17,1373,1396,1362,1387,87800,1387
2006-05-16,1395,1415,1350,1373,136200,1373
2006-05-15,1331,1385,1331,1375,120800,1375
2006-05-12,1396,1400,1346,1365,170200,1365
2006-05-11,1400,1414,1395,1403,100600,1403
2006-05-10,1448,1448,1391,1411,114200,1411
2006-05-09,1470,1470,1443,1451,89400,1451
2006-05-08,1431,1470,1429,1466,229500,1466
2006-05-02,1415,1437,1412,1418,62600,1418
2006-05-01,1440,1440,1414,1422,75900,1422
2006-04-28,1433,1441,1418,1435,111100,1435
2006-04-27,1429,1437,1404,1417,50200,1417
2006-04-26,1440,1440,1415,1425,79800,1425
2006-04-25,1400,1447,1400,1444,87200,1444
2006-04-24,1424,1444,1396,1404,139400,1404
2006-04-21,1444,1455,1434,1443,182000,1443
2006-04-20,1445,1445,1430,1431,157400,1431
2006-04-19,1458,1458,1426,1439,143900,1439
2006-04-18,1399,1434,1387,1430,84900,1430
2006-04-17,1422,1434,1390,1400,122000,1400
2006-04-14,1433,1438,1421,1421,102700,1421
2006-04-13,1455,1465,1410,1421,216300,1421
2006-04-12,1475,1486,1457,1457,137700,1457
2006-04-11,1498,1498,1475,1475,107000,1475
2006-04-10,1470,1495,1461,1489,129400,1489
2006-04-07,1490,1493,1454,1487,130500,1487
2006-04-06,1478,1489,1469,1482,113300,1482
2006-04-05,1503,1503,1469,1469,155200,1469
2006-04-04,1486,1504,1486,1498,131800,1498
2006-04-03,1459,1507,1454,1484,88000,1484
2006-03-31,1485,1490,1459,1459,80600,1459
2006-03-30,1494,1508,1476,1485,111200,1485
2006-03-29,1455,1495,1442,1484,113700,1484
2006-03-28,1392,1452,1392,1447,91000,1447
2006-03-27,1445,1459,1421,1421,139800,1421
2006-03-24,1472,1481,1448,1449,186600,1449
2006-03-23,1491,1507,1479,1480,158400,1480
2006-03-22,1505,1524,1486,1499,154900,1499
2006-03-20,1470,1515,1470,1488,158500,1488
2006-03-17,1440,1472,1420,1472,136800,1472
2006-03-16,1499,1513,1457,1460,97800,1460
2006-03-15,1489,1526,1462,1505,246100,1505
2006-03-14,1501,1510,1480,1495,245000,1495
2006-03-13,1481,1525,1477,1522,382400,1522
2006-03-10,1449,1475,1444,1461,255400,1461
2006-03-09,1419,1454,1410,1448,204300,1448
2006-03-08,1400,1426,1392,1406,182300,1406
2006-03-07,1377,1404,1362,1386,360700,1386
2006-03-06,1320,1387,1315,1377,630600,1377
2006-03-03,1292,1313,1265,1280,263600,1280
2006-03-02,1292,1313,1281,1289,169900,1289
2006-03-01,1321,1321,1270,1283,206500,1283
2006-02-28,1320,1338,1290,1325,273400,1325
2006-02-27,1365,1365,1300,1300,116300,1300
2006-02-24,1342,1348,1294,1338,109500,1338
2006-02-23,1334,1360,1315,1341,179700,1341
2006-02-22,1300,1309,1277,1295,161800,1295
2006-02-21,1216,1278,1216,1265,328400,1265
2006-02-20,1267,1289,1216,1231,313600,1231
2006-02-17,1293,1335,1292,1293,332000,1293
2006-02-16,1319,1339,1282,1313,329600,1313
2006-02-15,1307,1326,1290,1299,335300,1299
2006-02-14,1330,1340,1216,1268,586200,1268
2006-02-13,1297,1350,1280,1345,483200,1345
2006-02-10,1439,1440,1380,1397,275900,1397
2006-02-09,1473,1484,1411,1434,396500,1434
2006-02-08,1492,1512,1470,1472,277800,1472
2006-02-07,1555,1563,1481,1490,601700,1490
2006-02-06,1570,1570,1541,1566,329200,1566
2006-02-03,1551,1569,1533,1540,204900,1540
2006-02-02,1582,1590,1562,1570,152500,1570
2006-02-01,1570,1591,1551,1552,130500,1552
2006-01-31,1614,1626,1556,1572,275200,1572
2006-01-30,1575,1650,1573,1626,352600,1626
2006-01-27,1582,1605,1554,1557,223800,1557
2006-01-26,1570,1600,1548,1552,223300,1552
2006-01-25,1576,1595,1560,1573,129000,1573
2006-01-24,1594,1601,1552,1556,196700,1556
2006-01-23,1543,1670,1541,1595,229800,1595
2006-01-20,1649,1698,1585,1603,254600,1603
2006-01-19,1480,1628,1480,1578,323000,1578
2006-01-18,1680,1699,1431,1498,692800,1498
2006-01-17,1700,1765,1699,1705,481200,1705
2006-01-16,1750,1751,1688,1711,659300,1711
2006-01-13,1680,1848,1665,1777,1286100,1777
2006-01-12,1522,1659,1522,1646,806100,1646
2006-01-11,1535,1539,1515,1521,621200,1521
2006-01-10,1457,1598,1450,1550,1532600,1550
2006-01-06,1380,1465,1370,1437,756700,1437
2006-01-05,1348,1364,1335,1360,514100,1360
2006-01-04,1291,1318,1289,1310,183500,1310
2005-12-30,1293,1294,1283,1289,80400,1289
2005-12-29,1298,1298,1284,1286,132500,1286
2005-12-28,1280,1295,1280,1294,104200,1294
2005-12-27,1289,1290,1280,1280,148300,1280
2005-12-26,1296,1297,1286,1288,97900,1288
2005-12-22,1297,1297,1281,1290,141100,1290
2005-12-21,1300,1300,1282,1289,177800,1289
2005-12-20,1296,1299,1281,1299,134400,1299
2005-12-19,1270,1310,1269,1301,228600,1301
2005-12-16,1270,1280,1255,1259,285700,1259
2005-12-15,1285,1295,1272,1273,209900,1273
2005-12-14,1295,1306,1291,1291,110200,1291
2005-12-13,1315,1315,1290,1295,311100,1295
2005-12-12,1313,1330,1303,1315,281100,1315
2005-12-09,1324,1325,1311,1318,161700,1318
2005-12-08,1313,1330,1285,1324,290800,1324
2005-12-07,1347,1347,1300,1315,226900,1315
2005-12-06,1345,1360,1340,1346,359100,1346
2005-12-05,1327,1346,1316,1339,372900,1339
2005-12-02,1289,1325,1283,1288,308800,1288
2005-12-01,1289,1291,1267,1274,229700,1274
2005-11-30,1287,1289,1277,1285,144000,1285
2005-11-29,1253,1274,1247,1274,242000,1274
2005-11-28,1247,1255,1234,1244,183800,1244
2005-11-25,1233,1247,1224,1231,167300,1231
2005-11-24,1245,1258,1233,1233,141200,1233
2005-11-22,1258,1260,1227,1236,267500,1236
2005-11-21,1260,1266,1255,1258,177600,1258
2005-11-18,1250,1268,1249,1257,245400,1257
2005-11-17,1260,1260,1252,1254,146000,1254
2005-11-16,1273,1273,1255,1258,71900,1258
2005-11-15,1270,1270,1256,1266,156400,1266
2005-11-14,1294,1295,1253,1260,211100,1260
2005-11-11,1293,1296,1280,1290,134900,1290
2005-11-10,1270,1279,1260,1274,200700,1274
2005-11-09,1301,1319,1264,1271,300500,1271
2005-11-08,1356,1360,1320,1331,355500,1331
2005-11-07,1400,1419,1396,1416,231400,1416
2005-11-04,1380,1398,1360,1398,260300,1398
2005-11-02,1400,1404,1334,1342,260800,1342
2005-11-01,1390,1398,1371,1398,174800,1398
2005-10-31,1325,1365,1320,1365,169200,1365
2005-10-28,1322,1322,1305,1316,152200,1316
2005-10-27,1290,1330,1286,1324,206000,1324
2005-10-26,1263,1287,1263,1285,122300,1285
2005-10-25,1239,1271,1239,1263,96300,1263
2005-10-24,1249,1252,1235,1239,103900,1239
2005-10-21,1259,1259,1239,1251,143700,1251
2005-10-20,1270,1275,1255,1273,71100,1273
2005-10-19,1255,1267,1243,1267,92400,1267
2005-10-18,1257,1267,1257,1260,137200,1260
2005-10-17,1256,1258,1240,1255,166800,1255
2005-10-14,1259,1259,1242,1256,139800,1256
2005-10-13,1219,1262,1219,1259,237300,1259
2005-10-12,1230,1235,1212,1220,222900,1220
2005-10-11,1211,1229,1211,1228,292200,1228
2005-10-07,1212,1225,1205,1211,285900,1211
2005-10-06,1222,1235,1200,1211,450800,1211
2005-10-05,1262,1278,1221,1225,410900,1225
2005-10-04,1292,1293,1259,1279,193100,1279
2005-10-03,1285,1288,1248,1266,181000,1266
2005-09-30,1294,1321,1280,1290,182000,1290
2005-09-29,1311,1311,1205,1276,246000,1276
2005-09-28,1353,1353,1311,1326,109200,1326
2005-09-27,1355,1355,1344,1347,142700,1347
2005-09-26,1315,1346,1315,1343,168400,1343
2005-09-22,1322,1324,1299,1315,166500,1315
2005-09-21,1298,1320,1290,1317,261500,1317
2005-09-20,1276,1287,1270,1284,82300,1284
2005-09-16,1276,1278,1266,1272,104000,1272
2005-09-15,1245,1272,1245,1272,146100,1272
2005-09-14,1252,1253,1243,1244,105800,1244
2005-09-13,1248,1251,1243,1251,104800,1251
2005-09-12,1260,1260,1239,1241,161600,1241
2005-09-09,1212,1241,1201,1237,260300,1237
2005-09-08,1233,1240,1190,1194,587900,1194
2005-09-07,1273,1279,1227,1232,517300,1232
2005-09-06,1329,1334,1267,1272,258500,1272
2005-09-05,1300,1325,1298,1322,101700,1322
2005-09-02,1279,1293,1276,1290,207600,1290
2005-09-01,1300,1317,1298,1298,85200,1298
2005-08-31,1309,1309,1290,1295,89800,1295
2005-08-30,1310,1320,1303,1308,57900,1308
2005-08-29,1322,1325,1304,1306,79000,1306
2005-08-26,1344,1344,1321,1325,76000,1325
2005-08-25,1334,1339,1325,1332,114300,1332
2005-08-24,1355,1363,1338,1344,97100,1344
2005-08-23,1359,1366,1351,1355,158600,1355
2005-08-22,1358,1372,1333,1339,183600,1339
2005-08-19,1362,1370,1351,1355,90500,1355
2005-08-18,1374,1381,1357,1359,159500,1359
2005-08-17,1379,1388,1363,1373,100100,1373
2005-08-16,1377,1395,1360,1375,152200,1375
2005-08-15,1385,1398,1366,1377,123900,1377
2005-08-12,1400,1413,1383,1385,140900,1385
2005-08-11,1440,1444,1394,1396,208900,1396
2005-08-10,1405,1455,1404,1444,137700,1444
2005-08-09,1378,1408,1378,1400,115900,1400
2005-08-08,1330,1397,1326,1397,208500,1397
2005-08-05,1396,1402,1383,1390,117600,1390
2005-08-04,1392,1408,1385,1406,184200,1406
2005-08-03,1392,1399,1376,1388,153200,1388
2005-08-02,1401,1409,1371,1373,136200,1373
2005-08-01,1367,1405,1353,1390,218800,1390
2005-07-29,1345,1368,1325,1342,189300,1342
2005-07-28,1380,1393,1340,1345,201100,1345
2005-07-27,1395,1400,1384,1393,117400,1393
2005-07-26,1371,1400,1371,1400,64300,1400
2005-07-25,1380,1405,1372,1405,104700,1405
2005-07-22,1370,1378,1364,1367,59700,1367
2005-07-21,1384,1387,1375,1382,57400,1382
2005-07-20,1383,1398,1370,1385,269400,1385
2005-07-19,1402,1405,1352,1363,319700,1363
2005-07-15,1438,1445,1402,1415,286900,1415
2005-07-14,1444,1462,1444,1458,171100,1458
2005-07-13,1441,1449,1432,1446,65300,1446
2005-07-12,1470,1470,1437,1445,109200,1445
2005-07-11,1461,1480,1461,1468,88200,1468
2005-07-08,1453,1468,1426,1461,129100,1461
2005-07-07,1459,1471,1437,1458,137400,1458
2005-07-06,1437,1454,1436,1446,87900,1446
2005-07-05,1425,1438,1421,1436,151700,1436
2005-07-04,1440,1440,1424,1438,70300,1438
2005-07-01,1465,1479,1431,1440,102900,1440
2005-06-30,1440,1479,1440,1469,74600,1469
2005-06-29,1440,1457,1430,1439,81500,1439
2005-06-28,1426,1426,1413,1426,131000,1426
2005-06-27,1440,1442,1422,1428,106400,1428
2005-06-24,1458,1470,1445,1463,160900,1463
2005-06-23,1488,1491,1465,1473,129100,1473
2005-06-22,1497,1509,1485,1488,122700,1488
2005-06-21,1510,1514,1490,1498,59500,1498
2005-06-20,1517,1517,1507,1515,59900,1515
2005-06-17,1510,1515,1500,1511,99600,1511
2005-06-16,1497,1510,1480,1503,121500,1503
2005-06-15,1462,1498,1460,1498,186600,1498
2005-06-14,1458,1458,1447,1448,47600,1448
2005-06-13,1460,1465,1447,1458,84000,1458
2005-06-10,1441,1457,1431,1457,163800,1457
2005-06-09,1445,1446,1418,1420,79100,1420
2005-06-08,1417,1435,1408,1435,91800,1435
2005-06-07,1448,1448,1420,1435,112100,1435
2005-06-06,1459,1459,1431,1445,143000,1445
2005-06-03,1420,1450,1420,1450,72900,1450
2005-06-02,1430,1448,1414,1430,51700,1430
2005-06-01,1423,1429,1411,1429,53700,1429
2005-05-31,1405,1427,1402,1427,93500,1427
2005-05-30,1412,1419,1400,1405,89900,1405
2005-05-27,1416,1420,1404,1408,152900,1408
2005-05-26,1410,1420,1390,1416,119500,1416
2005-05-25,1410,1418,1375,1395,199000,1395
2005-05-24,1444,1456,1407,1430,459100,1430
2005-05-23,1352,1470,1336,1470,372500,1470
2005-05-20,1310,1334,1310,1314,50100,1314
2005-05-19,1307,1330,1296,1330,90200,1330
2005-05-18,1295,1326,1288,1288,39400,1288
2005-05-17,1330,1335,1308,1310,44800,1310
2005-05-16,1348,1365,1313,1313,63300,1313
2005-05-13,1354,1354,1336,1348,73000,1348
2005-05-12,1341,1354,1341,1347,39400,1347
2005-05-11,1351,1369,1331,1339,93900,1339
2005-05-10,1375,1376,1352,1368,45000,1368
2005-05-09,1370,1380,1362,1380,73100,1380
2005-05-06,1382,1392,1370,1379,53800,1379
2005-05-02,1363,1383,1321,1380,65700,1380
2005-04-28,1356,1370,1340,1348,38400,1348
2005-04-27,1350,1369,1337,1357,29700,1357
2005-04-26,1363,1372,1345,1358,107000,1358
2005-04-25,1379,1394,1354,1383,56800,1383
2005-04-22,1355,1378,1321,1378,50300,1378
2005-04-21,1320,1365,1310,1350,74500,1350
2005-04-20,1355,1376,1350,1373,37100,1373
2005-04-19,1339,1360,1330,1340,36400,1340
2005-04-18,1335,1358,1323,1329,76500,1329
2005-04-15,1401,1410,1387,1395,70800,1395
2005-04-14,1438,1455,1411,1426,72500,1426
2005-04-13,1442,1483,1439,1446,86200,1446
2005-04-12,1448,1465,1436,1442,31900,1442
2005-04-11,1455,1460,1442,1448,36500,1448
2005-04-08,1460,1471,1455,1455,42600,1455
2005-04-07,1472,1478,1462,1465,109900,1465
2005-04-06,1470,1479,1466,1466,82600,1466
2005-04-05,1463,1478,1463,1469,40100,1469
2005-04-04,1473,1483,1473,1483,30200,1483
2005-04-01,1470,1499,1456,1499,39300,1499
2005-03-31,1487,1490,1472,1478,33000,1478
2005-03-30,1466,1488,1460,1488,39100,1488
2005-03-29,1500,1507,1486,1486,59800,1486
2005-03-28,1507,1508,1482,1499,44600,1499
2005-03-25,1474,1497,1470,1497,58600,1497
2005-03-24,1498,1500,1473,1490,115500,1490
2005-03-23,1489,1500,1482,1498,158800,1498
2005-03-22,1489,1489,1433,1483,65500,1483
2005-03-18,1490,1495,1476,1494,66500,1494
2005-03-17,1470,1480,1450,1475,108500,1475
2005-03-16,1425,1477,1425,1470,177300,1470
2005-03-15,1383,1427,1383,1419,109300,1419
2005-03-14,1390,1396,1373,1373,71100,1373
2005-03-11,1396,1405,1385,1393,107200,1393
2005-03-10,1410,1422,1401,1402,50800,1402
2005-03-09,1415,1425,1415,1418,46000,1418
2005-03-08,1414,1427,1414,1421,49200,1421
2005-03-07,1425,1440,1420,1434,56800,1434
2005-03-04,1444,1444,1418,1424,101400,1424
2005-03-03,1434,1440,1425,1438,150200,1438
2005-03-02,1438,1457,1426,1435,133400,1435
2005-03-01,1360,1445,1354,1442,174500,1442
2005-02-28,1345,1385,1335,1380,102500,1380
2005-02-25,1360,1370,1345,1345,101600,1345
2005-02-24,1360,1370,1335,1368,80600,1368
2005-02-23,1355,1370,1342,1361,97300,1361
2005-02-22,1338,1373,1325,1364,104700,1364
2005-02-21,1395,1398,1342,1342,175500,1342
2005-02-18,1268,1318,1260,1315,128100,1315
2005-02-17,1261,1266,1255,1259,45000,1259
2005-02-16,1294,1294,1254,1265,62700,1265
2005-02-15,1294,1294,1280,1290,111700,1290
2005-02-14,1230,1300,1228,1300,283100,1300
2005-02-10,1225,1228,1210,1218,92000,1218
2005-02-09,1240,1248,1226,1234,87000,1234
2005-02-08,1237,1265,1237,1241,65100,1241
2005-02-07,1241,1253,1232,1244,57900,1244
2005-02-04,1257,1276,1235,1240,90900,1240
2005-02-03,1245,1277,1235,1277,129900,1277
2005-02-02,1242,1245,1233,1245,66000,1245
2005-02-01,1245,1248,1228,1237,51300,1237
2005-01-31,1225,1257,1225,1247,51600,1247
2005-01-28,1235,1239,1219,1235,60800,1235
2005-01-27,1250,1255,1225,1245,98700,1245
2005-01-26,1248,1263,1242,1256,64400,1256
2005-01-25,1230,1245,1228,1240,58000,1240
2005-01-24,1232,1249,1214,1246,61500,1246
2005-01-21,1210,1238,1209,1232,73800,1232
2005-01-20,1239,1239,1203,1224,106700,1224
2005-01-19,1250,1250,1222,1239,118700,1239
2005-01-18,1255,1260,1242,1250,58300,1250
2005-01-17,1276,1280,1252,1264,93100,1264
2005-01-14,1280,1292,1244,1275,93600,1275
2005-01-13,1291,1300,1263,1273,89000,1273
2005-01-12,1300,1312,1276,1309,94900,1309
2005-01-11,1290,1310,1270,1308,172800,1308
2005-01-07,1297,1297,1271,1290,76900,1290
2005-01-06,1265,1285,1240,1280,119900,1280
2005-01-05,1250,1273,1237,1254,112800,1254
2005-01-04,1230,1300,1224,1284,88800,1284
2004-12-30,1241,1241,1224,1232,28400,1232
2004-12-29,1240,1245,1211,1223,112400,1223
2004-12-28,1260,1260,1236,1243,124800,1243
2004-12-27,1257,1257,1232,1254,103800,1254
2004-12-24,1270,1288,1255,1257,107800,1257
2004-12-22,1284,1290,1256,1270,114100,1270
2004-12-21,1294,1312,1270,1290,161800,1290
2004-12-20,1259,1315,1250,1298,220600,1298
2004-12-17,1218,1250,1218,1250,146400,1250
2004-12-16,1165,1250,1155,1245,354900,1245
2004-12-15,1129,1159,1123,1146,119700,1146
2004-12-14,1120,1133,1113,1128,94200,1128
2004-12-13,1155,1165,1143,1149,103100,1149
2004-12-10,1175,1175,1139,1158,132300,1158
2004-12-09,1157,1173,1156,1164,102300,1164
2004-12-08,1148,1157,1105,1148,87100,1148
2004-12-07,1146,1159,1134,1151,128700,1151
2004-12-06,1094,1141,1082,1126,112900,1126
2004-12-03,1062,1090,1062,1074,105200,1074
2004-12-02,1050,1070,1045,1061,128700,1061
2004-12-01,1070,1070,1025,1031,235700,1031
2004-11-30,1050,1090,1050,1080,108900,1080
2004-11-29,1050,1062,1040,1050,102900,1050
2004-11-26,1080,1080,1052,1061,76300,1061
2004-11-25,1079,1097,1060,1082,93300,1082
2004-11-24,1096,1099,1070,1081,70800,1081
2004-11-22,1137,1140,1085,1110,138200,1110
2004-11-19,1162,1166,1141,1155,57800,1155
2004-11-18,1151,1161,1138,1159,82500,1159
2004-11-17,1120,1149,1120,1131,52300,1131
2004-11-16,1130,1137,1126,1127,46500,1127
2004-11-15,1110,1145,1110,1130,54900,1130
2004-11-12,1100,1110,1100,1103,49000,1103
2004-11-11,1130,1130,1103,1104,61100,1104
2004-11-10,1136,1142,1120,1126,46600,1126
2004-11-09,1140,1145,1130,1135,73000,1135
2004-11-08,1158,1158,1121,1135,99100,1135
2004-11-05,1150,1160,1145,1156,58400,1156
2004-11-04,1160,1164,1145,1150,66000,1150
2004-11-02,1131,1150,1121,1144,66300,1144
2004-11-01,1130,1140,1116,1130,123000,1130
2004-10-29,1110,1135,1100,1134,49000,1134
2004-10-28,1090,1129,1090,1123,32900,1123
2004-10-27,1114,1114,1081,1090,82400,1090
2004-10-26,1115,1115,1092,1110,133500,1110
2004-10-25,1155,1169,1130,1135,58100,1135
2004-10-22,1156,1195,1156,1175,51600,1175
2004-10-21,1189,1200,1153,1176,62900,1176
2004-10-20,1204,1213,1191,1191,116200,1191
2004-10-19,1185,1208,1185,1203,79900,1203
2004-10-18,1160,1186,1152,1185,127100,1185
2004-10-15,1165,1177,1154,1170,108800,1170
2004-10-14,1212,1212,1191,1197,75700,1197
2004-10-13,1218,1234,1211,1212,45100,1212
2004-10-12,1250,1260,1216,1224,56500,1224
2004-10-08,1256,1269,1248,1251,66300,1251
2004-10-07,1270,1271,1248,1254,90600,1254
2004-10-06,1232,1260,1232,1250,135500,1250
2004-10-05,1235,1239,1221,1228,78400,1228
2004-10-04,1211,1231,1206,1223,98600,1223
2004-10-01,1177,1210,1177,1207,65400,1207
2004-09-30,1188,1198,1175,1175,52900,1175
2004-09-29,1175,1190,1171,1175,54700,1175
2004-09-28,1156,1179,1150,1168,42900,1168
2004-09-27,1169,1189,1150,1176,61100,1176
2004-09-24,1146,1190,1146,1174,77500,1174
2004-09-22,1160,1184,1154,1166,78600,1166
2004-09-21,1199,1199,1142,1152,79100,1152
2004-09-17,1200,1202,1182,1186,67400,1186
2004-09-16,1191,1201,1190,1190,42300,1190
2004-09-15,1188,1220,1188,1191,66800,1191
2004-09-14,1209,1209,1187,1188,40300,1188
2004-09-13,1201,1210,1191,1194,95500,1194
2004-09-10,1206,1206,1180,1198,133300,1198
2004-09-09,1216,1224,1214,1214,43400,1214
2004-09-08,1231,1235,1214,1216,42800,1216
2004-09-07,1240,1246,1211,1229,80800,1229
2004-09-06,1237,1238,1226,1234,63700,1234
2004-09-03,1240,1241,1223,1237,45400,1237
2004-09-02,1219,1237,1219,1237,52700,1237
2004-09-01,1229,1239,1228,1231,64700,1231
2004-08-31,1214,1229,1213,1222,63600,1222
2004-08-30,1216,1244,1216,1234,46300,1234
2004-08-27,1235,1239,1216,1231,54700,1231
2004-08-26,1229,1250,1229,1244,96000,1244
2004-08-25,1218,1225,1202,1222,110500,1222
2004-08-24,1177,1200,1177,1198,173400,1198
2004-08-23,1176,1188,1172,1177,84600,1177
2004-08-20,1180,1183,1165,1172,193800,1172
2004-08-19,1240,1240,1185,1194,246200,1194
2004-08-18,1213,1245,1188,1244,230400,1244
2004-08-17,1251,1260,1215,1231,157700,1231
2004-08-16,1288,1288,1258,1265,76500,1265
2004-08-13,1303,1326,1298,1308,66300,1308
2004-08-12,1370,1370,1332,1333,66000,1333
2004-08-11,1330,1349,1308,1340,125700,1340
2004-08-10,1270,1305,1268,1299,50700,1299
2004-08-09,1251,1288,1241,1270,119000,1270
2004-08-06,1230,1299,1222,1299,202000,1299
2004-08-05,1210,1275,1210,1270,124300,1270
2004-08-04,1330,1336,1211,1242,353300,1242
2004-08-03,1356,1379,1332,1337,89200,1337
2004-08-02,1345,1356,1325,1356,78300,1356
2004-07-30,1334,1350,1334,1345,175400,1345
2004-07-29,1392,1392,1339,1347,137400,1347
2004-07-28,1411,1419,1400,1400,95000,1400
2004-07-27,1428,1428,1400,1401,133000,1401
2004-07-26,1432,1448,1419,1428,86200,1428
2004-07-23,1427,1460,1427,1433,75600,1433
2004-07-22,1459,1459,1444,1454,78400,1454
2004-07-21,1457,1479,1456,1465,57900,1465
2004-07-20,1480,1480,1451,1457,199900,1457
2004-07-16,1480,1507,1462,1507,100600,1507
2004-07-15,1494,1494,1481,1485,59200,1485
2004-07-14,1509,1527,1485,1493,140600,1493
2004-07-13,1505,1506,1495,1504,76400,1504
2004-07-12,1500,1509,1484,1504,118100,1504
2004-07-09,1420,1482,1420,1480,142800,1480
2004-07-08,1420,1429,1419,1423,164500,1423
2004-07-07,1454,1458,1430,1431,124800,1431
2004-07-06,1466,1496,1466,1472,87400,1472
2004-07-05,1534,1534,1483,1486,143000,1486
2004-07-02,1548,1550,1508,1532,141400,1532
2004-07-01,1565,1569,1520,1531,122500,1531
2004-06-30,1559,1563,1543,1553,232900,1553
2004-06-29,1519,1546,1515,1538,403600,1538
2004-06-28,1480,1512,1475,1508,253000,1508
2004-06-25,1450,1474,1450,1469,109700,1469
2004-06-24,1460,1474,1426,1448,146100,1448
2004-06-23,1460,1478,1460,1466,109800,1466
2004-06-22,1482,1482,1450,1460,90500,1460
2004-06-21,1490,1495,1480,1482,98100,1482
2004-06-18,1480,1482,1460,1480,144200,1480
2004-06-17,1468,1485,1441,1482,308100,1482
2004-06-16,1470,1509,1450,1462,576100,1462
2004-06-15,1450,1454,1403,1430,239600,1430
2004-06-14,1440,1453,1435,1437,131100,1437
2004-06-11,1400,1446,1393,1435,334600,1435
2004-06-10,1341,1395,1341,1381,190700,1381
2004-06-09,1380,1385,1345,1361,105100,1361
2004-06-08,1350,1378,1335,1375,163500,1375
2004-06-07,1326,1344,1317,1331,135400,1331
2004-06-04,1251,1321,1251,1317,146300,1317
2004-06-03,1309,1319,1261,1271,144800,1271
2004-06-02,1335,1335,1300,1309,129700,1309
2004-06-01,1285,1342,1285,1336,157100,1336
2004-05-31,1301,1305,1260,1285,95100,1285
2004-05-28,1282,1335,1271,1311,187900,1311
2004-05-27,1265,1289,1259,1271,158200,1271
2004-05-26,1219,1275,1215,1255,410700,1255
2004-05-25,1176,1220,1176,1195,196300,1195
2004-05-24,1230,1240,1175,1175,355900,1175
2004-05-21,1089,1114,1063,1090,121300,1090
2004-05-20,1110,1120,1075,1115,70200,1115
2004-05-19,1110,1150,1080,1112,83700,1112
2004-05-18,1000,1139,1000,1090,178200,1090
2004-05-17,1087,1100,1057,1058,131000,1058
2004-05-14,1111,1145,1111,1127,107000,1127
2004-05-13,1155,1177,1110,1111,79600,1111
2004-05-12,1106,1193,1106,1190,188600,1190
2004-05-11,1130,1196,1100,1106,176200,1106
2004-05-10,1250,1250,1171,1195,189300,1195
2004-05-07,1310,1311,1262,1280,92900,1280
2004-05-06,1350,1350,1325,1325,96100,1325
2004-04-30,1315,1336,1275,1336,92600,1336
2004-04-28,1301,1350,1300,1329,96800,1329
2004-04-27,1320,1370,1302,1321,146600,1321
2004-04-26,1380,1386,1341,1355,122200,1355
2004-04-23,1431,1431,1398,1401,76800,1401
2004-04-22,1396,1438,1390,1418,169300,1418
2004-04-21,1405,1405,1382,1396,158500,1396
2004-04-20,1450,1469,1385,1396,325600,1396
2004-04-19,1375,1488,1371,1426,715200,1426
2004-04-16,1260,1400,1240,1385,861900,1385
2004-04-15,1155,1240,1143,1202,318700,1202
2004-04-14,1125,1154,1120,1149,257600,1149
2004-04-13,1155,1180,1142,1145,186000,1145
2004-04-12,1146,1160,1131,1155,94500,1155
2004-04-09,1115,1146,1112,1145,157200,1145
2004-04-08,1176,1176,1133,1165,129100,1165
2004-04-07,1181,1193,1173,1177,157300,1177
2004-04-06,1250,1250,1184,1200,247900,1200
2004-04-05,1170,1260,1161,1220,303000,1220
2004-04-02,1162,1185,1159,1161,152400,1161
2004-04-01,1079,1159,1079,1158,285200,1158
2004-03-31,1096,1099,1072,1099,90800,1099
2004-03-30,1100,1100,1051,1099,113400,1099
2004-03-29,1080,1097,1080,1086,94000,1086
2004-03-26,1100,1130,1080,1095,190700,1095
2004-03-25,1034,1088,1023,1080,319600,1080
2004-03-24,1010,1020,995,1018,125500,1018
2004-03-23,999,1014,985,1008,154400,1008
2004-03-22,970,1035,963,1015,215700,1015
2004-03-19,960,980,951,963,193100,963
2004-03-18,1035,1035,976,980,308400,980
2004-03-17,1000,1036,971,1020,389300,1020
2004-03-16,1000,1015,985,1000,492800,1000
2004-03-15,1087,1100,1010,1010,622300,1010
2004-03-12,1107,1187,1054,1091,1137000,1091
2004-03-11,1087,1087,1070,1087,423400,1087
2004-03-10,880,987,880,987,453600,987
2004-03-09,815,887,814,887,204000,887
2004-03-08,799,809,799,808,108500,808
2004-03-05,788,795,773,787,47900,787
2004-03-04,778,797,772,772,90100,772
2004-03-03,780,780,770,772,26100,772
2004-03-02,780,784,766,767,41000,767
2004-03-01,774,776,766,768,55900,768
2004-02-27,741,775,738,775,68800,775
2004-02-26,728,740,728,738,15600,738
2004-02-25,740,745,735,736,35700,736
2004-02-24,749,749,741,741,21000,741
2004-02-23,741,748,741,742,11200,742
2004-02-20,748,748,739,740,20000,740
2004-02-19,740,745,736,737,14000,737
2004-02-18,741,747,740,741,16200,741
2004-02-17,750,751,738,740,40800,740
2004-02-16,760,760,752,755,22200,755
2004-02-13,752,760,751,754,31600,754
2004-02-12,764,769,760,760,34400,760
2004-02-10,769,772,763,765,69100,765
2004-02-09,755,770,751,769,66600,769
2004-02-06,748,758,736,754,64200,754
2004-02-05,726,736,726,728,33300,728
2004-02-04,732,760,720,735,100300,735
2004-02-03,732,740,725,731,22300,731
2004-02-02,738,741,720,731,22800,731
2004-01-30,712,750,712,718,35400,718
2004-01-29,720,725,711,711,50600,711
2004-01-28,743,745,723,730,70100,730
2004-01-27,752,762,752,752,36700,752
2004-01-26,760,765,746,750,42600,750
2004-01-23,774,774,755,763,63100,763
2004-01-22,770,773,764,773,31200,773
2004-01-21,760,779,760,770,63600,770
2004-01-20,770,777,762,762,40300,762
2004-01-19,775,780,766,766,78400,766
2004-01-16,742,785,735,765,89400,765
2004-01-15,780,787,760,762,67200,762
2004-01-14,763,787,755,779,129900,779
2004-01-13,745,768,741,762,164600,762
2004-01-09,733,735,721,730,115900,730
2004-01-08,694,725,681,723,146400,723
2004-01-07,680,685,670,684,45700,684
2004-01-06,680,690,679,680,50900,680
2004-01-05,674,679,670,678,25600,678
2003-12-30,662,668,656,664,35000,664
2003-12-29,655,669,650,661,63400,661
2003-12-26,638,647,633,647,44300,647
2003-12-25,630,638,630,637,70600,637
2003-12-24,640,640,632,632,90600,632
2003-12-22,640,640,634,640,69300,640
2003-12-19,638,641,630,635,59600,635
2003-12-18,641,641,635,636,67000,636
2003-12-17,633,643,632,634,45100,634
2003-12-16,643,643,634,635,37300,635
2003-12-15,636,645,633,644,72000,644
2003-12-12,636,636,620,629,78100,629
2003-12-11,630,635,625,629,58100,629
2003-12-10,619,625,615,616,67400,616
2003-12-09,618,630,614,615,79000,615
2003-12-08,621,628,615,616,56100,616
2003-12-05,630,631,621,621,81200,621
2003-12-04,632,641,631,631,60800,631
2003-12-03,625,644,624,631,117900,631
2003-12-02,630,635,620,625,170900,625
2003-12-01,583,623,583,620,651000,620
2003-11-28,670,675,647,653,58000,653
2003-11-27,678,680,670,670,33000,670
2003-11-26,679,680,669,675,22300,675
2003-11-25,660,680,660,673,46300,673
2003-11-21,650,672,650,660,25400,660
2003-11-20,654,659,637,649,92100,649
2003-11-19,662,673,653,654,61800,654
2003-11-18,665,675,660,662,34600,662
2003-11-17,700,703,675,675,64800,675
2003-11-14,695,701,693,701,42900,701
2003-11-13,700,703,694,699,47600,699
2003-11-12,691,700,691,699,28500,699
2003-11-11,701,707,693,698,59600,698
2003-11-10,710,717,703,707,22900,707
2003-11-07,725,725,705,711,39300,711
2003-11-06,700,724,700,707,97400,707
2003-11-05,700,716,700,703,156100,703
2003-11-04,741,748,733,740,15400,740
2003-10-31,733,737,730,730,27400,730
2003-10-30,732,745,730,735,19100,735
2003-10-29,740,750,735,742,16700,742
2003-10-28,735,751,731,743,20200,743
2003-10-27,769,769,735,735,30900,735
2003-10-24,751,754,726,749,54900,749
2003-10-23,770,770,750,751,74300,751
2003-10-22,782,789,776,777,36500,777
2003-10-21,791,805,786,790,104900,790
2003-10-20,790,793,784,786,59700,786
2003-10-17,778,784,775,784,67800,784
2003-10-16,784,785,778,784,38500,784
2003-10-15,786,786,776,776,34700,776
2003-10-14,776,786,776,776,41700,776
2003-10-10,770,782,770,775,61700,775
2003-10-09,776,781,771,771,35700,771
2003-10-08,780,788,779,784,39500,784
2003-10-07,790,793,776,778,45000,778
2003-10-06,779,795,777,784,49300,784
2003-10-03,771,785,771,772,54600,772
2003-10-02,765,770,756,770,54900,770
2003-10-01,769,769,758,759,49900,759
2003-09-30,764,773,745,769,38200,769
2003-09-29,767,774,766,766,25100,766
2003-09-26,769,775,767,767,38600,767
2003-09-25,786,786,761,769,35400,769
2003-09-24,797,799,785,786,46000,786
2003-09-22,800,800,788,791,69900,791
2003-09-19,788,791,782,789,55200,789
2003-09-18,784,789,775,785,52500,785
2003-09-17,785,800,785,786,54600,786
2003-09-16,795,799,781,781,76600,781
2003-09-12,770,798,762,787,185100,787
2003-09-11,755,764,750,760,76400,760
2003-09-10,745,756,745,756,40200,756
2003-09-09,747,750,745,746,27600,746
2003-09-08,745,753,742,747,38800,747
2003-09-05,750,752,745,746,39700,746
2003-09-04,745,760,740,749,54400,749
2003-09-03,745,755,740,745,76000,745
2003-09-02,750,760,735,735,39800,735
2003-09-01,731,760,731,747,78500,747
2003-08-29,735,735,730,730,16800,730
2003-08-28,738,738,728,731,33200,731
2003-08-27,728,740,728,731,37600,731
2003-08-26,735,735,722,726,30800,726
2003-08-25,737,737,722,722,62800,722
2003-08-22,714,739,713,734,85400,734
2003-08-21,715,720,713,713,39500,713
2003-08-20,714,718,712,718,62600,718
2003-08-19,710,714,709,712,44700,712
2003-08-18,715,716,703,709,47300,709
2003-08-15,720,720,707,711,43600,711
2003-08-14,720,722,708,716,44100,716
2003-08-13,706,723,706,715,28400,715
2003-08-12,705,710,702,706,32000,706
2003-08-11,702,709,702,705,13300,705
2003-08-08,701,708,700,701,51900,701
2003-08-07,705,706,700,700,54700,700
2003-08-06,708,714,706,706,36700,706
2003-08-05,720,720,708,711,56500,711
2003-08-04,710,719,710,714,38900,714
2003-08-01,707,711,705,709,65700,709
2003-07-31,720,720,706,707,52500,707
2003-07-30,726,730,713,721,84400,721
2003-07-29,714,730,714,716,70400,716
2003-07-28,711,719,710,712,54500,712
2003-07-25,710,711,700,706,100500,706
2003-07-24,716,717,705,711,127700,711
2003-07-23,722,730,715,718,84100,718
2003-07-22,730,736,715,721,74500,721
2003-07-18,730,737,724,727,97600,727
2003-07-17,735,735,710,720,107800,720
2003-07-16,759,765,733,741,157500,741
2003-07-15,776,780,768,769,68900,769
2003-07-14,790,793,775,775,55800,775
2003-07-11,799,799,770,770,134200,770
2003-07-10,792,819,792,809,172100,809
2003-07-09,781,800,780,786,146600,786
2003-07-08,828,828,765,772,174300,772
2003-07-07,822,835,812,818,162100,818
2003-07-04,775,810,771,808,192400,808
2003-07-03,780,783,765,765,138700,765
2003-07-02,760,767,755,762,91700,762
2003-07-01,757,758,751,754,48500,754
2003-06-30,752,759,749,749,27000,749
2003-06-27,758,758,742,749,51200,749
2003-06-26,743,759,738,738,67800,738
2003-06-25,740,748,737,738,32500,738
2003-06-24,753,762,737,739,73700,739
2003-06-23,735,750,735,750,48300,750
2003-06-20,732,742,730,735,59100,735
2003-06-19,747,762,740,742,73200,742
2003-06-18,752,757,745,747,59200,747
2003-06-17,765,770,752,756,74500,756
2003-06-16,760,768,757,764,71400,764
2003-06-13,750,757,745,756,124200,756
2003-06-12,761,763,753,754,82200,754
2003-06-11,743,770,743,760,74200,760
2003-06-10,759,759,730,748,45000,748
2003-06-09,722,760,722,750,108300,750
2003-06-06,708,720,708,720,56000,720
2003-06-05,709,713,708,711,44500,711
2003-06-04,718,718,703,709,23800,709
2003-06-03,722,723,700,714,40100,714
2003-06-02,714,721,710,718,33100,718
2003-05-30,715,720,714,714,40000,714
2003-05-29,720,721,716,720,33000,720
2003-05-28,720,724,715,720,36600,720
2003-05-27,724,724,712,715,68100,715
2003-05-26,701,714,696,713,59800,713
2003-05-23,685,695,685,694,28900,694
2003-05-22,692,698,687,687,58200,687
2003-05-21,698,698,690,692,57500,692
2003-05-20,695,700,691,696,40200,696
2003-05-19,700,700,691,697,42600,697
2003-05-16,706,706,698,703,40900,703
2003-05-15,696,705,693,695,36800,695
2003-05-14,695,706,695,696,50200,696
2003-05-13,691,700,690,695,78900,695
2003-05-12,695,695,688,691,42900,691
2003-05-09,686,695,685,694,64100,694
2003-05-08,697,700,685,685,87100,685
2003-05-07,700,708,700,700,59800,700
2003-05-06,690,711,690,695,142700,695
2003-05-02,715,719,704,710,49400,710
2003-05-01,706,718,700,713,33300,713
2003-04-30,706,722,701,714,36600,714
2003-04-28,704,710,701,704,30800,704
2003-04-25,745,745,704,723,33800,723
2003-04-24,756,765,740,745,26400,745
2003-04-23,755,770,750,756,22500,756
2003-04-22,779,780,749,755,44400,755
2003-04-21,770,774,754,769,33200,769
2003-04-18,750,762,750,754,36300,754
2003-04-17,731,734,722,730,17300,730
2003-04-16,728,733,725,731,44800,731
2003-04-15,685,720,685,715,52600,715
2003-04-14,700,700,682,682,53500,682
2003-04-11,712,722,701,705,51500,705
2003-04-10,741,742,722,722,25800,722
2003-04-09,765,769,746,750,28600,750
2003-04-08,769,770,761,770,12500,770
2003-04-07,770,775,764,769,8600,769
2003-04-04,774,778,766,766,11900,766
2003-04-03,789,789,760,772,34300,772
2003-04-02,750,769,740,769,34900,769
2003-04-01,753,765,740,762,17900,762
2003-03-31,782,785,770,773,23600,773
2003-03-28,789,790,779,790,29200,790
2003-03-27,777,790,776,790,30400,790
2003-03-26,796,796,767,771,23700,771
2003-03-25,787,798,780,796,44300,796
2003-03-24,780,801,780,798,31500,798
2003-03-20,752,777,745,769,36400,769
2003-03-19,760,760,735,753,41100,753
2003-03-18,751,775,751,775,60300,775
2003-03-17,750,751,745,746,34500,746
2003-03-14,742,752,742,747,124200,747
2003-03-13,735,750,735,735,19300,735
2003-03-12,733,740,701,735,58700,735
2003-03-11,740,745,731,733,42000,733
2003-03-10,760,769,730,750,39200,750
2003-03-07,795,800,780,780,41400,780
2003-03-06,793,801,793,797,37400,797
2003-03-05,807,810,797,800,122900,800
2003-03-04,827,830,815,827,30900,827
2003-03-03,800,839,800,830,28300,830
2003-02-28,805,821,805,808,24300,808
2003-02-27,814,814,790,813,49600,813
2003-02-26,812,821,803,814,21300,814
2003-02-25,842,842,811,823,59100,823
2003-02-24,845,856,840,842,59400,842
2003-02-21,843,849,840,849,54500,849
2003-02-20,857,857,831,835,49300,835
2003-02-19,843,875,843,857,133800,857
2003-02-18,875,875,830,842,167700,842
2003-02-17,810,892,810,878,339900,878
2003-02-14,770,799,770,792,133500,792
2003-02-13,736,754,735,750,77400,750
2003-02-12,705,728,705,726,55800,726
2003-02-10,698,709,696,709,45600,709
2003-02-07,699,700,686,700,25200,700
2003-02-06,691,696,688,689,27200,689
2003-02-05,696,700,691,691,29100,691
2003-02-04,698,703,696,700,32300,700
2003-02-03,686,698,686,697,20600,697
2003-01-31,693,700,690,691,22000,691
2003-01-30,695,700,694,696,45300,696
2003-01-29,705,705,690,692,29800,692
2003-01-28,700,705,695,698,31300,698
2003-01-27,705,708,698,703,80000,703
2003-01-24,699,705,690,704,46800,704
2003-01-23,681,700,681,698,32400,698
2003-01-22,700,705,690,694,33400,694
2003-01-21,698,710,695,700,53100,700
2003-01-20,693,698,692,698,26300,698
2003-01-17,691,699,690,690,30600,690
2003-01-16,699,699,690,691,19400,691
2003-01-15,700,710,690,700,39200,700
2003-01-14,698,700,693,700,35500,700
2003-01-10,699,699,686,693,25500,693
2003-01-09,686,699,681,699,16300,699
2003-01-08,690,698,690,691,14600,691
2003-01-07,722,723,692,696,39100,696
2003-01-06,685,710,685,701,33400,701
2002-12-30,708,709,700,700,7200,700
2002-12-27,715,718,701,718,77900,718
2002-12-26,710,725,710,717,28500,717
2002-12-25,720,729,702,710,66800,710
2002-12-24,678,704,660,704,56000,704
2002-12-20,666,685,666,678,40500,678
2002-12-19,664,666,645,666,49100,666
2002-12-18,672,677,654,658,72300,658
2002-12-17,650,654,640,642,81800,642
2002-12-16,660,670,630,632,81100,632
2002-12-13,676,685,667,668,100800,668
2002-12-12,690,694,675,675,26100,675
2002-12-11,706,706,694,694,34900,694
2002-12-10,680,698,680,696,21400,696
2002-12-09,710,710,674,698,74400,698
2002-12-06,702,714,700,707,34200,707
2002-12-05,750,750,708,711,79000,711
2002-12-04,751,760,750,750,72300,750
2002-12-03,796,796,760,765,62200,765
2002-12-02,791,791,767,786,70200,786
2002-11-29,770,777,764,777,78400,777
2002-11-28,780,787,765,765,58100,765
2002-11-27,758,769,758,760,47900,760
2002-11-26,798,810,758,774,105600,774
2002-11-25,741,809,741,788,86900,788
2002-11-22,727,735,708,731,67100,731
2002-11-21,677,697,677,697,25600,697
2002-11-20,620,678,620,677,49700,677
2002-11-19,660,660,632,640,38200,640
2002-11-18,664,671,661,665,41700,665
2002-11-15,698,698,661,684,32000,684
2002-11-14,700,710,661,678,63500,678
2002-11-13,742,750,707,710,56900,710
2002-11-12,743,756,740,741,74300,741
2002-11-11,767,767,743,743,53000,743
2002-11-08,781,791,773,773,47800,773
2002-11-07,781,800,781,800,56800,800
2002-11-06,800,810,782,798,109400,798
2002-11-05,822,822,797,812,53100,812
2002-11-01,817,817,798,802,38200,802
2002-10-31,830,845,803,815,99300,815
2002-10-30,790,815,779,813,56900,813
2002-10-29,770,786,770,780,84100,780
2002-10-28,798,798,771,783,107700,783
2002-10-25,770,789,770,778,103400,778
2002-10-24,761,786,757,760,61000,760
2002-10-23,775,775,762,770,105700,770
2002-10-22,818,820,777,785,81600,785
2002-10-21,811,825,811,817,91200,817
2002-10-18,823,823,805,810,176300,810
2002-10-17,850,860,826,843,141200,843
2002-10-16,894,894,842,850,110900,850
2002-10-15,867,880,867,870,57100,870
2002-10-11,850,865,850,859,102900,859
2002-10-10,849,854,820,845,47600,845
2002-10-09,895,940,864,869,61200,869
2002-10-08,900,916,895,905,126400,905
2002-10-07,950,950,905,940,39000,940
2002-10-04,959,972,950,966,34100,966
2002-10-03,966,969,950,962,50900,962
2002-10-02,979,1000,966,966,31200,966
2002-10-01,970,970,951,960,39600,960
2002-09-30,1000,1000,948,950,40900,950
2002-09-27,995,1010,993,997,105100,997
2002-09-26,1023,1023,998,1000,86300,1000
2002-09-25,1050,1050,1017,1022,36400,1022
2002-09-24,1048,1050,1021,1050,52900,1050
2002-09-20,1060,1101,1050,1068,66000,1068
2002-09-19,1130,1181,1080,1100,87900,1100
2002-09-18,1163,1163,1110,1130,46100,1130
2002-09-17,1150,1201,1149,1162,48100,1162
2002-09-13,1134,1160,1127,1145,155500,1145
2002-09-12,1239,1260,1200,1214,65700,1214
2002-09-11,1222,1279,1222,1259,40000,1259
2002-09-10,1209,1235,1209,1222,24000,1222
2002-09-09,1191,1238,1191,1228,20900,1228
2002-09-06,1202,1245,1181,1205,34100,1205
2002-09-05,1251,1273,1228,1270,29500,1270
2002-09-04,1230,1244,1200,1236,62100,1236
2002-09-03,1289,1289,1230,1230,40200,1230
2002-09-02,1267,1295,1252,1273,25900,1273
2002-08-30,1229,1299,1229,1287,27700,1287
2002-08-29,1241,1286,1235,1249,41800,1249
2002-08-28,1289,1289,1242,1247,13600,1247
2002-08-27,1290,1292,1240,1261,31600,1261
2002-08-26,1276,1296,1274,1290,38500,1290
2002-08-23,1260,1260,1228,1236,72300,1236
2002-08-22,1265,1297,1260,1284,37400,1284
2002-08-21,1310,1315,1300,1305,45500,1305
2002-08-20,1321,1330,1310,1312,29100,1312
2002-08-19,1350,1351,1313,1321,20300,1321
2002-08-16,1400,1400,1354,1359,12500,1359
2002-08-15,1359,1383,1359,1370,22500,1370
2002-08-14,1350,1364,1326,1357,23400,1357
2002-08-13,1359,1379,1330,1370,32300,1370
2002-08-12,1346,1380,1312,1379,82700,1379
2002-08-09,1349,1349,1315,1337,30000,1337
2002-08-08,1301,1341,1301,1324,36400,1324
2002-08-07,1330,1349,1302,1316,34200,1316
2002-08-06,1310,1330,1300,1330,33200,1330
2002-08-05,1360,1397,1350,1350,38300,1350
2002-08-02,1380,1403,1372,1400,47000,1400
2002-08-01,1400,1416,1376,1400,70600,1400
2002-07-31,1420,1420,1375,1400,58700,1400
2002-07-30,1480,1480,1422,1426,59300,1426
2002-07-29,1465,1471,1440,1453,80200,1453
2002-07-26,1471,1473,1450,1450,86400,1450
2002-07-25,1530,1531,1501,1501,42400,1501
2002-07-24,1480,1509,1480,1500,58300,1500
2002-07-23,1470,1509,1466,1500,53000,1500
2002-07-22,1451,1517,1451,1500,56200,1500
2002-07-19,1514,1545,1514,1521,88400,1521
2002-07-18,1492,1550,1488,1514,105000,1514
2002-07-17,1468,1489,1420,1472,86400,1472
2002-07-16,1500,1518,1468,1468,65100,1468
2002-07-15,1515,1534,1500,1502,45100,1502
2002-07-12,1537,1546,1521,1530,78100,1530
2002-07-11,1525,1546,1504,1524,96200,1524
2002-07-10,1488,1557,1470,1519,240600,1519
2002-07-09,1465,1490,1465,1490,81600,1490
2002-07-08,1479,1485,1470,1470,33500,1470
2002-07-05,1438,1471,1438,1461,50900,1461
2002-07-04,1460,1460,1425,1438,32800,1438
2002-07-03,1410,1468,1410,1464,45100,1464
2002-07-02,1446,1470,1430,1448,23300,1448
2002-07-01,1439,1450,1425,1446,50700,1446
2002-06-28,1420,1460,1410,1434,83500,1434
2002-06-27,1434,1450,1431,1440,31100,1440
2002-06-26,1425,1464,1425,1454,34800,1454
2002-06-25,1511,1535,1446,1474,59700,1474
2002-06-24,1377,1491,1377,1491,67900,1491
2002-06-21,1419,1449,1406,1437,87800,1437
2002-06-20,1350,1450,1341,1448,97600,1448
2002-06-19,1402,1402,1370,1370,107400,1370
2002-06-18,1370,1420,1370,1403,133500,1403
2002-06-17,1365,1378,1339,1350,126400,1350
2002-06-14,1450,1450,1370,1371,193700,1371
2002-06-13,1430,1450,1408,1430,189800,1430
2002-06-12,1466,1466,1430,1437,95000,1437
2002-06-11,1421,1450,1418,1449,128400,1449
2002-06-10,1437,1455,1430,1441,111000,1441
2002-06-07,1450,1484,1438,1457,134400,1457
2002-06-06,1574,1574,1505,1505,90000,1505
2002-06-05,1540,1580,1540,1544,60900,1544
2002-06-04,1550,1599,1541,1545,100200,1545
2002-06-03,1602,1650,1580,1605,242000,1605
2002-05-31,1555,1650,1553,1626,300500,1626
2002-05-30,1500,1555,1499,1553,270800,1553
2002-05-29,1450,1500,1445,1483,163700,1483
2002-05-28,1500,1500,1416,1470,96200,1470
2002-05-27,1530,1537,1492,1501,118600,1501
2002-05-24,1472,1498,1472,1491,148800,1491
2002-05-23,1410,1470,1410,1463,182100,1463
2002-05-22,1350,1422,1349,1405,325300,1405
2002-05-21,1250,1300,1245,1292,231800,1292
2002-05-20,1240,1245,1216,1240,99700,1240
2002-05-17,1200,1208,1185,1201,73000,1201
2002-05-16,1176,1198,1176,1198,29200,1198
2002-05-15,1175,1190,1175,1180,27000,1180
2002-05-14,1170,1186,1170,1177,38300,1177
2002-05-13,1170,1185,1147,1168,33300,1168
2002-05-10,1170,1172,1161,1170,56000,1170
2002-05-09,1167,1201,1161,1172,81500,1172
2002-05-08,1132,1169,1132,1167,28700,1167
2002-05-07,1141,1160,1110,1132,35500,1132
2002-05-02,1098,1150,1097,1142,90200,1142
2002-05-01,1167,1189,1165,1178,45500,1178
2002-04-30,1146,1170,1142,1160,22400,1160
2002-04-26,1148,1165,1142,1164,42600,1164
2002-04-25,1167,1167,1145,1148,43400,1148
2002-04-24,1160,1169,1156,1157,19000,1157
2002-04-23,1175,1175,1151,1157,49000,1157
2002-04-22,1152,1175,1152,1175,32000,1175
2002-04-19,1152,1159,1141,1153,27300,1153
2002-04-18,1133,1170,1133,1154,30400,1154
2002-04-17,1175,1175,1160,1173,32000,1173
2002-04-16,1169,1169,1131,1165,32000,1165
2002-04-15,1173,1173,1130,1150,39900,1150
2002-04-12,1160,1179,1156,1175,35000,1175
2002-04-11,1179,1187,1175,1180,46300,1180
2002-04-10,1194,1194,1165,1180,102300,1180
2002-04-09,1151,1220,1151,1209,257400,1209
2002-04-08,1080,1120,1080,1111,36900,1111
2002-04-05,1081,1095,1073,1080,20300,1080
2002-04-04,1090,1099,1070,1082,19900,1082
2002-04-03,1109,1109,1089,1090,20400,1090
2002-04-02,1064,1110,1060,1108,37600,1108
2002-04-01,1101,1101,1060,1084,31200,1084
2002-03-29,1134,1138,1121,1121,31700,1121
2002-03-28,1140,1141,1130,1131,13600,1131
2002-03-27,1115,1146,1115,1146,22400,1146
2002-03-26,1108,1138,1100,1130,33800,1130
2002-03-25,1140,1145,1120,1138,60800,1138
2002-03-22,1140,1145,1130,1133,20600,1133
2002-03-20,1162,1169,1121,1140,68400,1140
2002-03-19,1160,1168,1110,1159,39900,1159
2002-03-18,1170,1188,1156,1162,41200,1162
2002-03-15,1150,1190,1145,1159,57300,1159
2002-03-14,1110,1112,1088,1112,40500,1112
2002-03-13,1130,1150,1090,1092,97300,1092
2002-03-12,1200,1212,1170,1173,110700,1173
2002-03-11,1148,1200,1116,1197,267100,1197
2002-03-08,968,1068,968,1068,216400,1068
2002-03-07,966,989,961,968,68100,968
2002-03-06,994,1000,951,965,36000,965
2002-03-05,1003,1003,975,985,80500,985
2002-03-04,922,970,922,955,56400,955
2002-03-01,898,913,895,913,39300,913
2002-02-28,903,915,897,898,128800,898
2002-02-27,887,909,887,903,34500,903
2002-02-26,905,905,883,887,15600,887
2002-02-25,910,910,900,905,28600,905
2002-02-22,886,899,883,899,21800,899
2002-02-21,882,910,882,900,27300,900
2002-02-20,880,887,880,885,14000,885
2002-02-19,900,902,884,886,40800,886
2002-02-18,884,908,884,902,11400,902
2002-02-15,908,911,890,894,34800,894
2002-02-14,909,916,906,908,41400,908
2002-02-13,913,914,895,910,51400,910
2002-02-12,881,915,881,913,35900,913
2002-02-08,878,888,875,877,62100,877
2002-02-07,870,888,870,888,32900,888
2002-02-06,870,875,870,873,38300,873
2002-02-05,878,888,873,880,46300,880
2002-02-04,883,890,883,888,20000,888
2002-02-01,905,905,875,893,32500,893
2002-01-31,915,917,905,905,45500,905
2002-01-30,888,914,878,914,38200,914
2002-01-29,890,890,880,888,26000,888
2002-01-28,880,898,880,898,37700,898
2002-01-25,910,920,870,878,46300,878
2002-01-24,900,909,900,909,39200,909
2002-01-23,900,910,890,900,48200,900
2002-01-22,905,930,890,910,129800,910
2002-01-21,840,895,840,885,86100,885
2002-01-18,821,830,815,830,73200,830
2002-01-17,806,812,796,801,33900,801
2002-01-16,800,815,785,786,55800,786
2002-01-15,770,785,770,780,97300,780
2002-01-11,806,815,782,786,111200,786
2002-01-10,819,819,800,812,70700,812
2002-01-09,850,860,832,834,95400,834
2002-01-08,876,876,860,860,54300,860
2002-01-07,899,899,871,876,40700,876
2002-01-04,901,901,888,899,28800,899
2001-12-28,875,905,859,900,48500,900
2001-12-27,867,875,859,875,35700,875
2001-12-26,879,880,866,866,18400,866
2001-12-25,888,890,870,879,32100,879
2001-12-21,880,888,859,877,49100,877
2001-12-20,876,882,874,881,58200,881
2001-12-19,919,923,870,875,86200,875
2001-12-18,840,874,839,869,87000,869
2001-12-17,893,893,843,843,99900,843
2001-12-14,891,909,875,894,161800,894
2001-12-13,962,963,920,921,72000,921
2001-12-12,980,981,950,978,109100,978
2001-12-11,1001,1020,980,990,76900,990
2001-12-10,1025,1025,1001,1011,36400,1011
2001-12-07,1030,1070,1015,1029,85000,1029
2001-12-06,1085,1093,1032,1038,79900,1038
2001-12-05,1019,1065,1015,1065,46800,1065
2001-12-04,1021,1025,1000,1025,111300,1025
2001-12-03,1060,1065,1025,1031,86900,1031
2001-11-30,1087,1087,1051,1059,90900,1059
2001-11-29,1111,1114,1051,1097,121700,1097
2001-11-28,1159,1159,1127,1135,66700,1135
2001-11-27,1180,1180,1160,1170,109000,1170
2001-11-26,1160,1180,1159,1180,83500,1180
2001-11-22,1165,1179,1155,1163,57600,1163
2001-11-21,1180,1200,1165,1179,69300,1179
2001-11-20,1215,1215,1166,1181,68800,1181
2001-11-19,1200,1223,1195,1197,67200,1197
2001-11-16,1232,1247,1202,1203,73000,1203
2001-11-15,1204,1250,1200,1250,52200,1250
2001-11-14,1201,1224,1201,1203,44800,1203
2001-11-13,1205,1205,1192,1199,29500,1199
2001-11-12,1190,1211,1190,1207,41600,1207
2001-11-09,1229,1230,1190,1195,85000,1195
2001-11-08,1180,1226,1180,1221,134800,1221
2001-11-07,1165,1199,1125,1193,434700,1193
2001-11-06,1225,1225,1225,1225,36300,1225
2001-11-05,1580,1580,1500,1525,34300,1525
2001-11-02,1600,1600,1550,1560,18400,1560
2001-11-01,1603,1614,1571,1595,22500,1595
2001-10-31,1600,1623,1555,1603,20700,1603
2001-10-30,1600,1627,1600,1627,17900,1627
2001-10-29,1665,1670,1650,1651,32400,1651
2001-10-26,1699,1700,1651,1665,51900,1665
2001-10-25,1630,1700,1629,1666,78800,1666
2001-10-24,1577,1601,1576,1600,55900,1600
2001-10-23,1561,1600,1560,1579,39200,1579
2001-10-22,1550,1570,1530,1545,42400,1545
2001-10-19,1560,1570,1531,1549,18200,1549
2001-10-18,1564,1574,1561,1570,20400,1570
2001-10-17,1550,1575,1500,1575,27300,1575
2001-10-16,1551,1560,1547,1551,61800,1551
2001-10-15,1584,1584,1550,1560,44700,1560
2001-10-12,1600,1600,1577,1589,52600,1589
2001-10-11,1531,1560,1531,1560,54900,1560
2001-10-10,1500,1588,1481,1516,51200,1516
2001-10-09,1521,1579,1516,1536,55000,1536
2001-10-05,1539,1539,1510,1521,47600,1521
2001-10-04,1520,1590,1520,1569,39800,1569
2001-10-03,1600,1600,1511,1519,52600,1519
2001-10-02,1501,1573,1501,1573,121500,1573
2001-10-01,1480,1520,1440,1491,99000,1491
2001-09-28,1379,1448,1378,1420,50700,1420
2001-09-27,1350,1380,1336,1379,64000,1379
2001-09-26,1346,1349,1336,1347,57700,1347
2001-09-25,1395,1395,1300,1350,58800,1350
2001-09-21,1250,1290,1250,1286,51000,1286
2001-09-20,1300,1310,1265,1295,102300,1295
2001-09-19,1270,1310,1265,1309,98200,1309
2001-09-18,1220,1300,1220,1262,80300,1262
2001-09-17,1294,1294,1206,1215,57900,1215
2001-09-14,1290,1334,1280,1334,99200,1334
2001-09-13,1150,1280,1150,1235,165500,1235
2001-09-12,1250,1250,1250,1250,28900,1250
2001-09-11,1402,1422,1337,1350,141600,1350
2001-09-10,1500,1500,1421,1459,87900,1459
2001-09-07,1520,1540,1501,1540,61000,1540
2001-09-06,1530,1550,1506,1538,54300,1538
2001-09-05,1620,1628,1548,1550,79700,1550
2001-09-04,1642,1645,1600,1619,62900,1619
2001-09-03,1660,1679,1650,1653,54400,1653
2001-08-31,1660,1690,1642,1661,47300,1661
2001-08-30,1740,1740,1641,1720,192700,1720
2001-08-29,1774,1774,1750,1770,113200,1770
2001-08-28,1870,1870,1800,1840,76600,1840
2001-08-27,1861,1897,1861,1870,48300,1870
2001-08-24,1940,1945,1880,1891,62300,1891
2001-08-23,2005,2005,1940,1969,66100,1969
2001-08-22,1980,1990,1970,1980,33500,1980
2001-08-21,2010,2030,1960,2000,36800,2000
2001-08-20,2000,2025,2000,2010,19500,2010
2001-08-17,2025,2080,2025,2025,33600,2025
2001-08-16,2010,2050,2005,2025,39500,2025
2001-08-15,2090,2090,2050,2055,19900,2055
2001-08-14,2060,2100,2060,2065,15400,2065
2001-08-13,2075,2100,2035,2100,72900,2100
2001-08-10,2060,2070,2020,2035,31400,2035
2001-08-09,2055,2060,2015,2030,46100,2030
2001-08-08,2060,2090,2060,2075,32700,2075
2001-08-07,2095,2095,2050,2080,40000,2080
2001-08-06,2100,2100,2060,2085,43400,2085
2001-08-03,2010,2080,2010,2080,64500,2080
2001-08-02,2035,2050,2010,2045,27300,2045
2001-08-01,2050,2050,1995,2040,50000,2040
2001-07-31,1981,2040,1981,2040,17000,2040
2001-07-30,2060,2060,1997,2015,25600,2015
2001-07-27,2090,2090,2065,2090,28200,2090
2001-07-26,2060,2060,2030,2050,30300,2050
2001-07-25,2000,2050,1990,2020,33700,2020
2001-07-24,1950,2020,1922,2020,39600,2020
2001-07-23,2075,2080,1990,2000,54900,2000
2001-07-19,2045,2105,2020,2100,64200,2100
2001-07-18,2120,2140,2060,2060,69400,2060
2001-07-17,2150,2150,2075,2100,79100,2100
2001-07-16,2100,2140,2080,2130,101700,2130
2001-07-13,2140,2140,2090,2100,50700,2100
2001-07-12,2075,2100,2050,2100,84000,2100
2001-07-11,2070,2085,2055,2070,27100,2070
2001-07-10,2150,2165,2085,2090,66500,2090
2001-07-09,2150,2155,2050,2100,177400,2100
2001-07-06,2090,2200,2090,2180,248100,2180
2001-07-05,2090,2170,2065,2095,189700,2095
2001-07-04,2200,2215,2065,2065,240300,2065
2001-07-03,2030,2190,2030,2170,264900,2170
2001-07-02,2035,2045,2005,2010,28600,2010
2001-06-29,2005,2025,1995,2005,44900,2005
2001-06-28,2025,2035,1989,2010,72300,2010
2001-06-27,2045,2045,2020,2035,29000,2035
2001-06-26,2035,2040,2010,2040,35400,2040
2001-06-25,2050,2050,1999,2010,78400,2010
2001-06-22,2000,2030,1971,1978,85100,1978
2001-06-21,1960,2000,1950,2000,53700,2000
2001-06-20,2000,2000,1900,1900,63500,1900
2001-06-19,2000,2020,1940,1950,49200,1950
2001-06-18,2000,2030,1990,2000,90000,2000
2001-06-15,1950,2000,1935,1999,119400,1999
2001-06-14,2030,2050,1994,2000,102300,2000
2001-06-13,2010,2070,2010,2060,45000,2060
2001-06-12,2080,2080,2040,2045,41600,2045
2001-06-11,2100,2120,2075,2080,59500,2080
2001-06-08,2105,2140,2085,2090,120700,2090
2001-06-07,2105,2120,2080,2105,69000,2105
2001-06-06,2160,2160,2100,2105,83200,2105
2001-06-05,2250,2250,2160,2200,37700,2200
2001-06-04,2200,2220,2155,2215,38000,2215
2001-06-01,2090,2175,2090,2150,40400,2150
2001-05-31,2110,2110,2070,2090,131000,2090
2001-05-30,2200,2215,2125,2130,95900,2130
2001-05-29,2245,2245,2190,2215,107300,2215
2001-05-28,2280,2290,2250,2250,36400,2250
2001-05-25,2310,2310,2280,2280,59900,2280
2001-05-24,2295,2300,2265,2295,59600,2295
2001-05-23,2280,2340,2260,2290,285100,2290
2001-05-22,2540,2550,2410,2410,228500,2410
2001-05-21,2520,2560,2510,2525,58300,2525
2001-05-18,2560,2560,2500,2520,49600,2520
2001-05-17,2530,2570,2505,2560,57200,2560
2001-05-16,2595,2595,2520,2520,62600,2520
2001-05-15,2505,2585,2500,2585,50800,2585
2001-05-14,2500,2530,2500,2520,48200,2520
2001-05-11,2510,2550,2510,2530,54100,2530
2001-05-10,2600,2605,2530,2545,75600,2545
2001-05-09,2630,2715,2560,2615,256800,2615
2001-05-08,2550,2645,2530,2600,345700,2600
2001-05-07,2480,2525,2470,2515,182500,2515
2001-05-02,2480,2480,2400,2440,122600,2440
2001-05-01,2350,2465,2340,2440,138400,2440
2001-04-27,2270,2325,2250,2320,94600,2320
2001-04-26,2310,2340,2270,2270,72000,2270
2001-04-25,2330,2340,2240,2310,47700,2310
2001-04-24,2240,2330,2205,2300,76400,2300
2001-04-23,2280,2300,2250,2270,50200,2270
2001-04-20,2290,2300,2250,2280,59300,2280
2001-04-19,2250,2280,2205,2280,94600,2280
2001-04-18,2200,2230,2185,2185,56700,2185
2001-04-17,2200,2215,2180,2190,30300,2190
2001-04-16,2170,2230,2170,2215,41100,2215
2001-04-13,2250,2270,2230,2250,44900,2250
2001-04-12,2230,2290,2230,2235,32100,2235
2001-04-11,2240,2240,2205,2230,62800,2230
2001-04-10,2280,2280,2240,2245,18700,2245
2001-04-09,2300,2300,2210,2240,37700,2240
2001-04-06,2350,2350,2300,2310,82800,2310
2001-04-05,2325,2365,2280,2320,60100,2320
2001-04-04,2300,2350,2270,2325,42700,2325
2001-04-03,2200,2350,2200,2330,72000,2330
2001-04-02,2280,2320,2200,2280,70100,2280
2001-03-30,2350,2380,2245,2245,114700,2245
2001-03-29,2235,2280,2205,2250,77600,2250
2001-03-28,2300,2320,2260,2260,73000,2260
2001-03-27,2350,2370,2305,2320,61000,2320
2001-03-26,2410,2420,2320,2330,85300,2330
2001-03-23,2250,2370,2250,2370,162600,2370
2001-03-22,2135,2250,2135,2250,92600,2250
2001-03-21,2040,2100,1996,2095,84900,2095
2001-03-19,1925,2050,1925,1990,50400,1990
2001-03-16,2100,2100,2020,2025,66700,2025
2001-03-15,1950,2080,1890,2080,81100,2080
2001-03-14,1990,2025,1990,1990,75000,1990
2001-03-13,1950,2000,1931,1990,118500,1990
2001-03-12,2100,2100,2025,2030,97100,2030
2001-03-09,2220,2240,2165,2185,95200,2185
2001-03-08,2200,2230,2150,2195,91700,2195
2001-03-07,2230,2280,2150,2160,78900,2160
2001-03-06,2200,2210,2155,2180,121700,2180
2001-03-05,2240,2265,2200,2200,46200,2200
2001-03-02,2340,2340,2290,2320,71200,2320
2001-03-01,2300,2345,2280,2345,58000,2345
2001-02-28,2400,2400,2290,2305,95300,2305
2001-02-27,2460,2460,2375,2400,88600,2400
2001-02-26,2500,2530,2430,2430,129000,2430
2001-02-23,2470,2500,2435,2475,74900,2475
2001-02-22,2395,2475,2355,2435,93900,2435
2001-02-21,2505,2515,2400,2430,133900,2430
2001-02-20,2450,2540,2425,2525,262600,2525
2001-02-19,2330,2460,2330,2455,333200,2455
2001-02-16,2270,2385,2265,2355,239500,2355
2001-02-15,2160,2250,2160,2250,67000,2250
2001-02-14,2225,2235,2160,2190,54100,2190
2001-02-13,2220,2240,2210,2215,84400,2215
2001-02-09,2170,2210,2155,2210,120900,2210
2001-02-08,2180,2185,2130,2155,64100,2155
2001-02-07,2145,2220,2140,2155,124700,2155
2001-02-06,2100,2125,2070,2105,46400,2105
2001-02-05,2100,2130,2080,2105,103400,2105
2001-02-02,2230,2235,2100,2180,206400,2180
2001-02-01,1930,2190,1930,2190,141300,2190
2001-01-31,1939,1950,1929,1950,60100,1950
2001-01-30,1950,1950,1927,1933,46600,1933
2001-01-29,1969,1969,1952,1952,20800,1952
2001-01-26,1980,1995,1926,1960,47500,1960
2001-01-25,2075,2075,1982,2020,63900,2020
2001-01-24,2020,2065,2000,2010,50200,2010
2001-01-23,2040,2080,2030,2030,22600,2030
2001-01-22,2075,2115,2020,2080,89900,2080
2001-01-19,2080,2150,2060,2115,116400,2115
2001-01-18,2005,2050,1980,2050,73300,2050
2001-01-17,1971,2005,1950,2005,53600,2005
2001-01-16,1900,2000,1900,2000,116200,2000
2001-01-15,1831,1878,1831,1870,47700,1870
2001-01-12,1801,1845,1801,1840,75500,1840
2001-01-11,1820,1828,1771,1819,118600,1819
2001-01-10,1821,1821,1750,1790,121500,1790
2001-01-09,1950,1950,1821,1821,185500,1821
2001-01-05,2000,2020,1965,1974,34800,1974
2001-01-04,2080,2080,2030,2030,50500,2030
2000-12-29,2010,2015,1992,2015,60300,2015
2000-12-28,1980,1980,1965,1980,42400,1980
2000-12-27,1980,1990,1950,1966,38700,1966
2000-12-26,2030,2035,2010,2010,56200,2010
2000-12-25,2085,2090,2010,2030,32700,2030
2000-12-22,1981,1990,1953,1985,106400,1985
2000-12-21,2100,2100,1900,1921,287600,1921
2000-12-20,2100,2140,1870,2140,171800,2140
2000-12-19,2195,2220,2125,2125,66800,2125
2000-12-18,2250,2280,2180,2195,54900,2195
2000-12-15,2330,2380,2310,2310,12400,2310
2000-12-14,2400,2415,2350,2380,28000,2380
2000-12-13,2450,2450,2400,2435,32900,2435
2000-12-12,2360,2490,2360,2435,115800,2435
2000-12-11,2300,2355,2300,2325,39300,2325
2000-12-08,2250,2320,2250,2290,42200,2290
2000-12-07,2300,2330,2275,2330,35200,2330
2000-12-06,2260,2350,2260,2300,67200,2300
2000-12-05,2350,2350,2255,2255,56000,2255
2000-12-04,2340,2345,2280,2345,40800,2345
2000-12-01,2220,2330,2205,2300,40400,2300
2000-11-30,2210,2245,2205,2220,35100,2220
2000-11-29,2260,2260,2205,2210,30300,2210
2000-11-28,2260,2340,2235,2255,43200,2255
2000-11-27,2360,2360,2220,2235,71900,2235
2000-11-24,2150,2365,2150,2365,43600,2365
2000-11-22,2210,2230,2160,2165,79900,2165
2000-11-21,2220,2270,2180,2210,84100,2210
2000-11-20,2180,2190,2160,2160,23700,2160
2000-11-17,2160,2200,2150,2200,28000,2200
2000-11-16,2200,2235,2180,2200,47400,2200
2000-11-15,2300,2300,2235,2235,52900,2235
2000-11-14,2280,2300,2255,2270,17500,2270
2000-11-13,2230,2300,2215,2280,52700,2280
2000-11-10,2400,2410,2350,2390,25200,2390
2000-11-09,2415,2420,2380,2415,32900,2415
2000-11-08,2425,2450,2380,2420,86800,2420
2000-11-07,2365,2425,2360,2410,56100,2410
2000-11-06,2300,2385,2280,2365,83300,2365
2000-11-02,2390,2390,2285,2310,52700,2310
2000-11-01,2285,2390,2255,2370,44000,2370
2000-10-31,2235,2250,2155,2245,76200,2245
2000-10-30,2380,2380,2210,2215,66000,2215
2000-10-27,2400,2400,2365,2375,16400,2375
2000-10-26,2350,2420,2320,2420,34100,2420
2000-10-25,2360,2400,2335,2380,64600,2380
2000-10-24,2420,2420,2355,2360,79300,2360
2000-10-23,2350,2440,2350,2420,49700,2420
2000-10-20,2470,2480,2310,2350,107700,2350
2000-10-19,2260,2460,2240,2440,140800,2440
2000-10-18,2335,2420,2140,2220,203000,2220
2000-10-17,2590,2590,2450,2455,137300,2455
2000-10-16,2665,2680,2550,2550,122300,2550
2000-10-13,2600,2650,2570,2650,42500,2650
2000-10-12,2640,2700,2640,2690,53300,2690
2000-10-11,2750,2785,2720,2750,67600,2750
2000-10-10,2790,2890,2770,2795,62600,2795
2000-10-06,2850,2880,2835,2850,48100,2850
2000-10-05,2895,2935,2855,2855,85900,2855
2000-10-04,2770,2800,2750,2775,50000,2775
2000-10-03,2730,2810,2730,2785,41400,2785
2000-10-02,2675,2720,2650,2720,36200,2720
2000-09-29,2640,2675,2640,2675,60900,2675
2000-09-28,2600,2680,2600,2600,62400,2600
2000-09-27,2660,2660,2570,2600,115700,2600
2000-09-26,2770,2785,2750,2780,43900,2780
2000-09-25,2830,2850,2715,2740,56500,2740
2000-09-22,2710,2750,2710,2750,38200,2750
2000-09-21,2865,2865,2750,2825,36600,2825
2000-09-20,2830,2890,2800,2865,65200,2865
2000-09-19,2700,2790,2680,2790,59600,2790
2000-09-18,2765,2790,2725,2745,34400,2745
2000-09-14,2820,2820,2780,2790,35600,2790
2000-09-13,2780,2820,2780,2820,37300,2820
2000-09-12,2800,2815,2755,2765,49100,2765
2000-09-11,2940,2975,2800,2825,54000,2825
2000-09-08,2810,2900,2810,2900,73800,2900
2000-09-07,2760,2795,2755,2785,127700,2785
2000-09-06,2900,2910,2790,2850,140200,2850
2000-09-05,2980,2990,2905,2920,30900,2920
2000-09-04,2900,3020,2860,2940,64200,2940
2000-09-01,2995,2995,2910,2940,63500,2940
2000-08-31,3020,3030,2950,3010,55000,3010
2000-08-30,3010,3040,3000,3020,60400,3020
2000-08-29,3070,3090,3030,3060,62000,3060
2000-08-28,3160,3170,3050,3060,95100,3060
2000-08-25,3120,3160,3090,3110,68200,3110
2000-08-24,3180,3200,3100,3100,40700,3100
2000-08-23,3090,3250,3080,3180,121200,3180
2000-08-22,3120,3130,3060,3090,42800,3090
2000-08-21,3180,3180,3080,3120,37600,3120
2000-08-18,3220,3220,3080,3130,84400,3130
2000-08-17,3250,3260,3150,3180,61300,3180
2000-08-16,3370,3370,3250,3300,68000,3300
2000-08-15,3350,3390,3280,3380,67700,3380
2000-08-14,3380,3400,3250,3300,120700,3300
2000-08-11,3240,3350,3200,3280,111000,3280
2000-08-10,3270,3300,3220,3230,116800,3230
2000-08-09,3250,3290,3230,3270,36400,3270
2000-08-08,3250,3250,3180,3250,41200,3250
2000-08-07,3100,3270,3100,3270,52400,3270
2000-08-04,3160,3200,3100,3110,99300,3110
2000-08-03,3290,3290,3180,3200,73400,3200
2000-08-02,3320,3360,3230,3290,198200,3290
2000-08-01,3200,3340,3170,3270,166100,3270
2000-07-31,3100,3160,2860,3100,165900,3100
2000-07-28,3220,3390,3210,3300,190300,3300
2000-07-27,3340,3360,3210,3260,170600,3260
2000-07-26,3580,3620,3310,3340,230200,3340
2000-07-25,3660,3750,3650,3670,60900,3670
2000-07-24,3890,3890,3760,3840,115800,3840
2000-07-21,3950,4020,3870,3900,184300,3900
2000-07-19,3940,3950,3900,3950,260900,3950
2000-07-18,3970,3970,3910,3940,178300,3940
2000-07-17,4000,4010,3880,3950,260200,3950
2000-07-14,3840,3980,3830,3940,312500,3940
2000-07-13,3830,3830,3720,3790,66700,3790
2000-07-12,3840,3850,3720,3740,55100,3740
2000-07-11,3890,3890,3760,3830,109900,3830
2000-07-10,3730,3890,3660,3870,201200,3870
2000-07-07,3630,3670,3550,3630,172200,3630
2000-07-06,3620,3700,3620,3680,110200,3680
2000-07-05,3850,3900,3710,3770,365800,3770
2000-07-04,3890,3950,3720,3840,501900,3840
2000-07-03,3600,3880,3570,3840,1013700,3840
2000-06-30,3270,3400,3250,3400,555700,3400
2000-06-29,3090,3250,3040,3220,224400,3220
2000-06-28,3090,3090,3000,3070,64800,3070
2000-06-27,3000,3050,2940,3020,70400,3020
2000-06-26,3000,3000,2910,2940,48400,2940
2000-06-23,2940,2940,2880,2895,66800,2895
2000-06-22,3080,3100,2895,2900,114700,2900
2000-06-21,2910,3020,2890,3020,67900,3020
2000-06-20,2950,2970,2875,2915,94000,2915
2000-06-19,2860,2900,2860,2900,24500,2900
2000-06-16,2930,2940,2860,2895,42600,2895
2000-06-15,2900,3020,2860,2930,84000,2930
2000-06-14,3000,3020,2855,2920,53300,2920
2000-06-13,3090,3100,2995,3000,50600,3000
2000-06-12,3050,3120,3050,3050,44000,3050
2000-06-09,3100,3100,3000,3050,47000,3050
2000-06-08,3150,3150,3070,3130,58800,3130
2000-06-07,3150,3150,3030,3150,84900,3150
2000-06-06,3140,3150,3090,3110,72000,3110
2000-06-05,3080,3150,3080,3090,188000,3090
2000-06-02,3100,3100,2990,3000,113000,3000
2000-06-01,3000,3050,2960,3050,162100,3050
2000-05-31,3060,3110,2940,2950,279600,2950
2000-05-30,2860,3000,2860,2915,64700,2915
2000-05-29,2860,2900,2840,2840,30300,2840
2000-05-26,2865,2880,2800,2855,23700,2855
2000-05-25,2780,2900,2745,2865,57000,2865
2000-05-24,2700,2750,2680,2700,45600,2700
2000-05-23,2800,2900,2750,2770,44900,2770
2000-05-22,2750,2840,2745,2820,79900,2820
2000-05-19,2960,2980,2800,2800,53100,2800
2000-05-18,3040,3040,2930,2960,40400,2960
2000-05-17,3060,3090,3020,3060,51600,3060
2000-05-16,3100,3100,3000,3010,62900,3010
2000-05-15,3000,3060,2980,3050,51000,3050
2000-05-12,2910,3000,2910,2960,50600,2960
2000-05-11,2900,2945,2900,2910,56100,2910
2000-05-10,3060,3060,2950,3030,74600,3030
2000-05-09,3020,3060,2940,3060,94600,3060
2000-05-08,3040,3090,3000,3030,61700,3030
2000-05-02,2930,3000,2900,2990,102900,2990
2000-05-01,2795,2900,2780,2900,44200,2900
2000-04-28,2770,2800,2750,2780,48600,2780
2000-04-27,2790,2810,2750,2750,58900,2750
2000-04-26,2840,2840,2775,2775,39200,2775
2000-04-25,2750,2775,2750,2775,33100,2775
2000-04-24,2810,2840,2720,2740,30300,2740
2000-04-21,2800,2810,2745,2800,70400,2800
2000-04-20,2680,2800,2670,2740,68600,2740
2000-04-19,2770,2770,2650,2685,91900,2685
2000-04-18,2675,2700,2510,2610,199000,2610
2000-04-17,2410,2500,2410,2435,182700,2435
2000-04-14,2860,2900,2810,2810,91200,2810
2000-04-13,3030,3040,2860,2860,104100,2860
2000-04-12,3020,3050,3000,3030,65200,3030
2000-04-11,3100,3130,2940,3030,136200,3030
2000-04-10,3100,3210,3060,3140,163000,3140
2000-04-07,3100,3100,3020,3060,98300,3060
2000-04-06,3040,3190,3010,3030,148100,3030
2000-04-05,3100,3120,3000,3060,128000,3060
2000-04-04,3290,3300,3100,3120,207600,3120
2000-04-03,3000,3200,2980,3190,268600,3190
2000-03-31,2955,2960,2900,2955,136600,2955
2000-03-30,2720,2950,2710,2875,210000,2875
2000-03-29,2580,2690,2545,2640,158100,2640
2000-03-28,2690,2700,2600,2600,134600,2600
2000-03-27,2630,2680,2570,2620,123900,2620
2000-03-24,2600,2650,2550,2550,112700,2550
2000-03-23,2680,2680,2550,2590,129200,2590
2000-03-22,2805,2810,2610,2650,133000,2650
2000-03-21,2830,2840,2750,2790,134100,2790
2000-03-17,2700,2750,2700,2745,135700,2745
2000-03-16,2585,2650,2580,2620,149200,2620
2000-03-15,2530,2640,2525,2595,68900,2595
2000-03-14,2600,2600,2500,2525,89700,2525
2000-03-13,2810,2810,2500,2600,135800,2600
2000-03-10,2700,2800,2700,2770,106600,2770
2000-03-09,2920,2920,2750,2750,102800,2750
2000-03-08,2800,2830,2600,2800,137500,2800
2000-03-07,2990,2995,2850,2855,75000,2855
2000-03-06,3020,3080,2945,2995,89400,2995
2000-03-03,3100,3100,2940,3000,91000,3000
2000-03-02,3170,3200,3100,3100,136100,3100
2000-03-01,3220,3270,3150,3170,93200,3170
2000-02-29,3250,3300,3170,3210,179000,3210
2000-02-28,3350,3350,3270,3270,63600,3270
2000-02-25,3370,3450,3350,3370,36000,3370
2000-02-24,3580,3580,3350,3350,33500,3350
2000-02-23,3520,3600,3400,3460,81700,3460
2000-02-22,3500,3650,3500,3560,106600,3560
2000-02-21,3600,3630,3520,3600,103700,3600
2000-02-18,3600,3650,3580,3640,187700,3640
2000-02-17,3420,3590,3410,3590,144100,3590
2000-02-16,3300,3460,3270,3400,89600,3400
2000-02-15,3300,3320,3250,3300,66400,3300
2000-02-14,3300,3310,3250,3290,49700,3290
2000-02-10,3380,3400,3280,3310,52400,3310
2000-02-09,3500,3510,3380,3420,61800,3420
2000-02-08,3640,3640,3400,3490,91400,3490
2000-02-07,3300,3600,3300,3590,137900,3590
2000-02-04,3300,3340,3220,3220,224100,3220
2000-02-03,3540,3540,3300,3390,232300,3390
2000-02-02,3610,3650,3500,3590,183100,3590
2000-02-01,3800,3800,3600,3660,96500,3660
2000-01-31,3780,3840,3680,3810,79300,3810
2000-01-28,3680,3700,3600,3680,44600,3680
2000-01-27,3750,3750,3640,3680,45600,3680
2000-01-26,3790,3790,3750,3770,30100,3770
2000-01-25,3750,3800,3700,3790,40900,3790
2000-01-24,3880,3890,3750,3800,31400,3800
2000-01-21,4000,4040,3800,3830,44700,3830
2000-01-20,3760,4100,3760,4050,131700,4050
2000-01-19,4000,4000,3700,3760,78000,3760
2000-01-18,3830,4000,3780,3930,152600,3930
2000-01-17,3410,3820,3410,3730,131700,3730
2000-01-14,3520,3550,3350,3390,82300,3390
2000-01-13,3300,3420,3300,3420,101800,3420
2000-01-12,3500,3500,3310,3360,121100,3360
2000-01-11,3690,3690,3380,3480,242100,3480
2000-01-07,3610,3620,3430,3460,170700,3460
2000-01-06,3700,3720,3470,3510,89200,3510
2000-01-05,3560,3630,3300,3500,153700,3500
2000-01-04,4000,4000,3750,3800,45600,3800
